# GA for labeling mashup dont-let-it-be-anger
# size = 300
# crossover rate = 0.900000
# mutation rate = 0.100000
# optimum = 0.010000
# -------------------------------------------------------------------
# GENERATION   BEST'S FITNESS   AVG FITNESS   EXP WGT AVG   TRUE DIST
1	-98.062067	-100.074488	-100.230016	0.541187
2	-97.577711	-99.586492	-99.684091	0.542650
3	-97.277202	-99.306891	-99.362811	0.548083
4	-96.441894	-98.753995	-98.864574	0.558438
5	-96.441894	-98.447054	-98.508442	0.561305
6	-96.441894	-98.156410	-98.214539	0.567269
7	-95.790900	-97.851232	-97.912268	0.573155
8	-95.790900	-97.770442	-97.786600	0.573950
9	-95.790900	-97.421593	-97.491363	0.582474
10	-94.528931	-96.908207	-97.010884	0.592018
11	-94.528931	-96.727415	-96.763573	0.598308
12	-94.240026	-96.263683	-96.356430	0.608145
13	-93.778807	-95.770270	-95.868953	0.618094
14	-93.068517	-95.505886	-95.558762	0.623915
15	-93.068517	-95.193877	-95.256279	0.631645
16	-92.645644	-94.741539	-94.832007	0.639981
17	-92.416812	-94.378858	-94.451394	0.648838
18	-92.416812	-94.105585	-94.160240	0.654052
19	-92.183125	-93.690229	-93.773300	0.665094
20	-91.790199	-93.453455	-93.500810	0.668702
21	-91.460657	-93.018164	-93.105223	0.682594
22	-90.351865	-92.535608	-92.632119	0.690968
23	-90.351865	-92.233547	-92.293959	0.692770
24	-90.132019	-92.057642	-92.092823	0.690061
25	-90.132019	-91.733071	-91.797985	0.685856
26	-89.780596	-91.514651	-91.558335	0.683514
27	-89.780596	-91.220043	-91.278964	0.675558
28	-89.748684	-90.935840	-90.992680	0.670993
29	-89.456023	-90.631083	-90.692034	0.663110
30	-88.108084	-90.277055	-90.347860	0.655870
31	-88.108084	-89.976193	-90.036365	0.648413
32	-87.280984	-89.669290	-89.730670	0.648005
33	-87.280984	-89.336249	-89.402857	0.638792
34	-87.280984	-89.102048	-89.148888	0.634954
35	-86.964202	-88.741303	-88.813452	0.630448
36	-86.760262	-88.489918	-88.540195	0.624946
37	-86.465753	-88.105579	-88.182447	0.620928
38	-86.465753	-87.867528	-87.915138	0.618027
39	-86.131482	-87.587648	-87.643624	0.613736
40	-85.938766	-87.252264	-87.319341	0.610028
41	-84.997780	-86.846109	-86.927340	0.603945
42	-84.902179	-86.569302	-86.624664	0.599387
43	-84.759271	-86.292983	-86.348247	0.595830
44	-84.447956	-86.051898	-86.100115	0.589085
45	-84.447956	-85.831014	-85.875191	0.584781
46	-84.269382	-85.531769	-85.591618	0.580904
47	-83.764437	-85.122153	-85.204076	0.577242
48	-83.015295	-84.865299	-84.916670	0.572397
49	-83.015295	-84.643699	-84.688019	0.571670
50	-82.942568	-84.356940	-84.414292	0.567984
51	-82.463950	-84.083856	-84.138473	0.564243
52	-82.463950	-83.902324	-83.938630	0.563341
53	-82.432700	-83.665770	-83.713081	0.561517
54	-81.951936	-83.429393	-83.476668	0.559270
55	-81.602086	-83.286898	-83.315397	0.557270
56	-81.602086	-83.126377	-83.158481	0.554694
57	-81.602086	-82.903656	-82.948200	0.553618
58	-81.602086	-82.668125	-82.715231	0.550708
59	-81.283119	-82.426782	-82.475051	0.547636
60	-81.108762	-82.243122	-82.279854	0.545309
61	-80.954253	-82.067921	-82.102961	0.543698
62	-80.613975	-81.781861	-81.839073	0.540890
63	-80.288047	-81.508334	-81.563040	0.537445
64	-80.116848	-81.178396	-81.244384	0.534874
65	-79.521279	-80.993415	-81.030411	0.532493
66	-79.294005	-80.746870	-80.796179	0.529347
67	-79.294005	-80.552493	-80.591368	0.525168
68	-79.140247	-80.263898	-80.321617	0.522459
69	-79.140247	-80.132470	-80.158756	0.521213
70	-78.935603	-79.887340	-79.936366	0.520411
71	-78.916224	-79.742783	-79.771694	0.518946
72	-78.027739	-79.454078	-79.511819	0.517320
73	-78.027739	-79.336166	-79.359749	0.516970
74	-77.984113	-79.126485	-79.168421	0.513803
75	-77.984113	-78.867868	-78.919591	0.512580
76	-77.841303	-78.706043	-78.738408	0.513315
77	-77.282017	-78.507139	-78.546920	0.510896
78	-77.282017	-78.348279	-78.380051	0.509218
79	-77.184410	-78.209575	-78.237316	0.508661
80	-76.828891	-77.970823	-78.018574	0.507534
81	-76.767580	-77.825233	-77.854351	0.505951
82	-76.656936	-77.694751	-77.720847	0.505639
83	-76.332047	-77.445933	-77.495696	0.503604
84	-76.332047	-77.431017	-77.434000	0.502858
85	-76.045810	-77.242869	-77.280499	0.501997
86	-76.045810	-77.044609	-77.084261	0.501683
87	-75.982510	-76.869838	-76.904792	0.500345
88	-75.463441	-76.647944	-76.692323	0.499041
89	-75.367404	-76.436324	-76.478648	0.498411
90	-75.222105	-76.248667	-76.286198	0.497545
91	-75.137219	-76.079223	-76.113112	0.496936
92	-74.741906	-75.835938	-75.884595	0.494601
93	-74.741906	-75.656097	-75.692066	0.492722
94	-74.407214	-75.516914	-75.544751	0.491202
95	-74.407214	-75.410897	-75.432100	0.490418
96	-74.407214	-75.309202	-75.329541	0.489277
97	-74.257198	-75.192852	-75.216122	0.488675
98	-74.257198	-75.075030	-75.098595	0.487639
99	-74.146223	-74.920489	-74.951397	0.487012
100	-74.008145	-74.759321	-74.791555	0.485663
101	-73.472395	-74.564930	-74.603809	0.483876
102	-73.472395	-74.411211	-74.441955	0.482157
103	-73.155945	-74.273526	-74.301063	0.480874
104	-73.154662	-74.171533	-74.191932	0.479988
105	-72.999555	-73.961716	-74.003680	0.478134
106	-72.999555	-73.850368	-73.872638	0.476587
107	-72.829021	-73.762716	-73.780246	0.476429
108	-72.791514	-73.621403	-73.649666	0.475821
109	-72.431381	-73.479246	-73.507677	0.474302
110	-72.152934	-73.266093	-73.308724	0.474140
111	-72.152934	-73.098933	-73.132365	0.473939
112	-71.940229	-72.848961	-72.898956	0.471945
113	-71.940229	-72.734359	-72.757280	0.470351
114	-71.393355	-72.524616	-72.566565	0.467278
115	-71.270322	-72.335373	-72.373222	0.466098
116	-71.076411	-72.124112	-72.166364	0.465501
117	-71.021966	-71.961684	-71.994170	0.464458
118	-70.594401	-71.832941	-71.858690	0.463259
119	-70.497846	-71.658108	-71.693074	0.462584
120	-70.497846	-71.530624	-71.556120	0.461909
121	-70.497846	-71.407960	-71.432493	0.460988
122	-69.959641	-71.195158	-71.237719	0.459228
123	-69.779721	-71.064292	-71.090465	0.458368
124	-69.779721	-70.901126	-70.933760	0.457809
125	-69.779721	-70.714704	-70.751989	0.456528
126	-69.779721	-70.586573	-70.612199	0.455920
127	-69.779721	-70.411224	-70.446293	0.455522
128	-69.423641	-70.251508	-70.283451	0.455247
129	-69.423641	-70.112212	-70.140071	0.454574
130	-69.423641	-70.025076	-70.042503	0.453437
131	-69.254411	-69.885693	-69.913569	0.452422
132	-68.778033	-69.743099	-69.771618	0.451104
133	-68.778033	-69.662483	-69.678606	0.450569
134	-68.778033	-69.535780	-69.561121	0.449814
135	-68.647155	-69.380875	-69.411856	0.449039
136	-68.594962	-69.251215	-69.277147	0.447536
137	-68.542229	-69.111473	-69.139421	0.446590
138	-68.370410	-68.997639	-69.020406	0.445402
139	-68.302259	-68.869879	-68.895431	0.443599
140	-68.069433	-68.727337	-68.755845	0.443026
141	-67.831124	-68.588257	-68.616073	0.442035
142	-67.821586	-68.497148	-68.515370	0.441271
143	-67.803523	-68.399466	-68.419003	0.440124
144	-67.737157	-68.313298	-68.330532	0.440125
145	-67.387073	-68.223663	-68.241590	0.438930
146	-67.387073	-68.112149	-68.134452	0.437431
147	-67.387073	-67.978104	-68.004913	0.436088
148	-67.371045	-67.905199	-67.919780	0.435427
149	-67.255732	-67.766931	-67.794585	0.433702
150	-67.153124	-67.656057	-67.678232	0.432765
151	-66.735154	-67.562072	-67.580869	0.431866
152	-66.735154	-67.494167	-67.507748	0.431513
153	-66.503003	-67.338248	-67.369431	0.429700
154	-66.503003	-67.198056	-67.226094	0.428715
155	-66.503003	-67.101858	-67.121098	0.427410
156	-66.445065	-67.027197	-67.042129	0.427323
157	-66.445065	-66.959053	-66.972682	0.426069
158	-66.445065	-66.907654	-66.917933	0.425639
159	-66.135505	-66.804828	-66.825393	0.424660
160	-66.135505	-66.684238	-66.708356	0.424331
161	-66.122704	-66.574080	-66.596112	0.423131
162	-66.043189	-66.494291	-66.510249	0.422483
163	-65.893652	-66.406163	-66.423788	0.421717
164	-65.676974	-66.332213	-66.347003	0.421301
165	-65.676974	-66.253340	-66.269115	0.420403
166	-65.587136	-66.155974	-66.175447	0.419803
167	-65.573123	-66.053616	-66.074087	0.419014
168	-65.431199	-65.925422	-65.951061	0.417283
169	-65.431199	-65.863906	-65.876209	0.416803
170	-65.297888	-65.782001	-65.798382	0.416204
171	-65.039791	-65.665735	-65.688988	0.414760
172	-64.972611	-65.563631	-65.584052	0.414405
173	-64.914232	-65.463507	-65.483532	0.413722
174	-64.914232	-65.371307	-65.389747	0.412824
175	-64.658860	-65.275245	-65.294457	0.411725
176	-64.658860	-65.213583	-65.225915	0.411225
177	-64.658860	-65.143456	-65.157481	0.410741
178	-64.467811	-65.013416	-65.039424	0.409366
179	-64.467811	-64.956691	-64.968036	0.408856
180	-64.467811	-64.883506	-64.898143	0.408806
181	-64.278374	-64.766955	-64.790265	0.407655
182	-64.278374	-64.710335	-64.721659	0.406940
183	-64.175753	-64.643020	-64.656483	0.406359
184	-64.003217	-64.526339	-64.549675	0.406282
185	-64.003217	-64.466271	-64.478284	0.406048
186	-64.003217	-64.426669	-64.434589	0.405360
187	-63.779094	-64.340167	-64.357467	0.404484
188	-63.779094	-64.255502	-64.272435	0.403871
189	-63.779094	-64.182013	-64.196711	0.403482
190	-63.693969	-64.118768	-64.131417	0.402794
191	-63.428051	-64.042924	-64.058093	0.402483
192	-63.428051	-63.999018	-64.007799	0.402529
193	-63.260660	-63.891212	-63.912773	0.401333
194	-63.260660	-63.835969	-63.847017	0.400971
195	-63.260660	-63.769630	-63.782898	0.400563
196	-63.260660	-63.690290	-63.706158	0.400198
197	-63.196470	-63.629901	-63.641979	0.399995
198	-63.045682	-63.539793	-63.557815	0.399112
199	-62.965690	-63.451164	-63.468890	0.398757
200	-62.776697	-63.315181	-63.342378	0.397652
201	-62.752335	-63.233751	-63.250037	0.396574
202	-62.544100	-63.134715	-63.154522	0.395651
203	-62.427863	-63.032884	-63.053250	0.394793
204	-62.427863	-62.963511	-62.977386	0.394272
205	-62.316961	-62.833171	-62.859239	0.393065
206	-62.207508	-62.713820	-62.737690	0.392453
207	-62.132571	-62.653098	-62.665242	0.392051
208	-61.900990	-62.569459	-62.586187	0.391195
209	-61.883012	-62.486713	-62.503262	0.390320
210	-61.883012	-62.408514	-62.424154	0.389666
211	-61.793167	-62.300011	-62.321712	0.388624
212	-61.663475	-62.229216	-62.243375	0.388043
213	-61.625059	-62.134718	-62.153618	0.387245
214	-61.583132	-62.023125	-62.045443	0.386212
215	-61.479984	-61.943728	-61.959608	0.385499
216	-61.260904	-61.848246	-61.867342	0.385036
217	-61.260904	-61.779416	-61.793182	0.384470
218	-61.019736	-61.705155	-61.720007	0.383212
219	-61.019736	-61.568647	-61.595948	0.381793
220	-61.019736	-61.482373	-61.499627	0.381168
221	-61.019736	-61.427672	-61.438612	0.380781
222	-60.808531	-61.370525	-61.381954	0.380671
223	-60.751043	-61.291276	-61.307126	0.380032
224	-60.751043	-61.178117	-61.200749	0.379402
225	-60.680398	-61.115770	-61.128239	0.378479
226	-60.660299	-61.031422	-61.048292	0.378221
227	-60.507896	-60.935190	-60.954437	0.377507
228	-60.413550	-60.879987	-60.891028	0.377102
229	-60.413550	-60.812401	-60.825919	0.376285
230	-60.322751	-60.720600	-60.738960	0.375196
231	-60.177572	-60.638239	-60.654711	0.375289
232	-60.177572	-60.572464	-60.585619	0.374812
233	-60.155554	-60.507784	-60.520720	0.374672
234	-60.040925	-60.399992	-60.421551	0.374585
235	-59.968297	-60.322610	-60.338086	0.374392
236	-59.968297	-60.274589	-60.284193	0.374004
237	-59.610612	-60.196204	-60.211881	0.373529
238	-59.610612	-60.128208	-60.141807	0.373009
239	-59.558223	-60.042345	-60.059518	0.372803
240	-59.558223	-59.979088	-59.991739	0.372333
241	-59.499854	-59.894779	-59.911641	0.371045
242	-59.490115	-59.844678	-59.854698	0.370447
243	-59.276036	-59.803425	-59.811676	0.369290
244	-59.276036	-59.713067	-59.731138	0.368724
245	-59.220419	-59.622789	-59.640844	0.368531
246	-59.174463	-59.542591	-59.558630	0.367975
247	-59.049203	-59.457259	-59.474325	0.367165
248	-59.038756	-59.403683	-59.414398	0.366384
249	-58.914945	-59.356358	-59.365823	0.366040
250	-58.914945	-59.272230	-59.289056	0.365051
251	-58.798471	-59.215422	-59.226784	0.364694
252	-58.496172	-59.157090	-59.168756	0.363928
253	-58.496172	-59.068315	-59.086070	0.362746
254	-58.442338	-58.997893	-59.011977	0.362266
255	-58.442338	-58.919465	-58.935151	0.361463
256	-58.391375	-58.832634	-58.850001	0.359971
257	-58.363839	-58.771670	-58.783863	0.359649
258	-58.363839	-58.717445	-58.728290	0.359161
259	-58.159850	-58.613899	-58.634608	0.358214
260	-57.986553	-58.494853	-58.518662	0.356917
261	-57.986553	-58.445676	-58.455512	0.356138
262	-57.986553	-58.398320	-58.407791	0.355145
263	-57.948048	-58.320707	-58.336229	0.353630
264	-57.814115	-58.240997	-58.256939	0.353194
265	-57.527919	-58.126666	-58.149532	0.352023
266	-57.527919	-58.044563	-58.060984	0.351094
267	-57.505140	-57.949798	-57.968751	0.349622
268	-57.505140	-57.874434	-57.889507	0.348244
269	-57.421060	-57.794002	-57.810088	0.347319
270	-57.349299	-57.700854	-57.719484	0.346243
271	-57.148519	-57.651837	-57.661640	0.345503
272	-57.148519	-57.605284	-57.614595	0.344690
273	-57.056289	-57.539469	-57.552632	0.343539
274	-57.056289	-57.458138	-57.474404	0.342293
275	-57.056289	-57.392280	-57.405452	0.341573
276	-57.056289	-57.356133	-57.363362	0.341008
277	-56.881182	-57.281989	-57.296818	0.339595
278	-56.802488	-57.203565	-57.219250	0.338647
279	-56.802488	-57.157750	-57.166913	0.338258
280	-56.686181	-57.070833	-57.088216	0.336739
281	-56.561706	-57.026161	-57.035096	0.336024
282	-56.543420	-56.979971	-56.989209	0.335182
283	-56.543420	-56.923380	-56.934699	0.335158
284	-56.516489	-56.860006	-56.872681	0.334701
285	-56.516489	-56.808435	-56.818749	0.333312
286	-56.411662	-56.739831	-56.753552	0.333554
287	-56.338137	-56.691920	-56.701502	0.333126
288	-56.251662	-56.623610	-56.637272	0.332196
289	-56.251662	-56.585282	-56.592947	0.331586
290	-56.196993	-56.522763	-56.535267	0.331042
291	-56.196993	-56.443607	-56.459438	0.329690
292	-56.122751	-56.390188	-56.400872	0.329401
293	-55.948861	-56.325171	-56.338175	0.328842
294	-55.948861	-56.275784	-56.285661	0.328650
295	-55.948861	-56.210890	-56.223868	0.327718
296	-55.881854	-56.130057	-56.146224	0.326886
297	-55.870728	-56.079441	-56.089564	0.326265
298	-55.770966	-56.035486	-56.044277	0.325617
299	-55.696095	-55.983728	-55.994079	0.324787
300	-55.580878	-55.910573	-55.925204	0.323572
301	-55.543360	-55.844303	-55.857557	0.323136
302	-55.369611	-55.776228	-55.789843	0.322490
303	-55.369611	-55.712234	-55.725033	0.322085
304	-55.369611	-55.659781	-55.670272	0.321840
305	-55.338234	-55.594612	-55.607646	0.321156
306	-55.206230	-55.548699	-55.557882	0.320487
307	-55.190877	-55.488860	-55.500828	0.320222
308	-55.065851	-55.405051	-55.421813	0.318988
309	-55.065851	-55.363557	-55.371856	0.318650
310	-54.857746	-55.287400	-55.302632	0.317613
311	-54.857746	-55.220577	-55.233941	0.317465
312	-54.835687	-55.170773	-55.180733	0.317355
313	-54.835687	-55.096631	-55.111460	0.316577
314	-54.792179	-55.025096	-55.039403	0.315679
315	-54.694191	-54.951925	-54.966559	0.315217
316	-54.678202	-54.914982	-54.922371	0.314647
317	-54.565648	-54.870144	-54.879112	0.314404
318	-54.431384	-54.817800	-54.828269	0.314019
319	-54.431384	-54.782671	-54.789697	0.313804
320	-54.431384	-54.733376	-54.743235	0.313201
321	-54.431384	-54.703879	-54.709778	0.312962
322	-54.431384	-54.659338	-54.668246	0.312270
323	-54.397232	-54.618937	-54.627017	0.311989
324	-54.397232	-54.571935	-54.581335	0.311186
325	-54.239313	-54.534913	-54.542317	0.310739
326	-54.185234	-54.477035	-54.488611	0.309786
327	-54.066463	-54.424984	-54.435394	0.308778
328	-54.066463	-54.390118	-54.397091	0.308081
329	-54.066463	-54.344790	-54.353856	0.307740
330	-54.039070	-54.305630	-54.313462	0.307232
331	-53.972891	-54.242313	-54.254977	0.305842
332	-53.808284	-54.171144	-54.185378	0.305085
333	-53.808284	-54.110855	-54.122913	0.304035
334	-53.676848	-54.058080	-54.068635	0.303270
335	-53.676848	-54.001972	-54.013193	0.302689
336	-53.676848	-53.942983	-53.954781	0.302172
337	-53.619470	-53.903752	-53.911598	0.301908
338	-53.422756	-53.831365	-53.845842	0.300864
