# GA for labeling mashup dont-let-it-be-anger
# size = 300
# max generations = 100
# crossover rate = 0.900000
# mutation rate = 0.100000
# optimum = 0.010000
# -----------------------------------------
# GENERATION   BEST'S FITNESS   AVG FITNESS
1	-97.160867	-100.174454
2	-97.160867	-99.792209
3	-96.369127	-99.250952
4	-96.152657	-98.875654
5	-95.766036	-98.164590
6	-95.242364	-97.593624
7	-95.242364	-97.292133
8	-94.333134	-96.849964
9	-94.042876	-96.536865
10	-94.030773	-96.119482
11	-93.928453	-95.582516
12	-92.843086	-95.255615
13	-92.063121	-94.918851
14	-92.063121	-94.706643
15	-92.039312	-94.366041
16	-92.039312	-94.039122
17	-91.921004	-93.578215
18	-91.070456	-93.016355
19	-90.269879	-92.559355
20	-90.269879	-92.150821
21	-90.269879	-91.871286
22	-89.931010	-91.556391
23	-89.403891	-90.999471
24	-88.148632	-90.698136
25	-88.148632	-90.477074
26	-88.148632	-90.063521
27	-87.975479	-89.719342
28	-87.975479	-89.568662
29	-87.598955	-89.310914
30	-87.598955	-89.114171
31	-87.598955	-88.763411
32	-87.106527	-88.592094
33	-86.660418	-88.217064
34	-86.538519	-88.020239
35	-86.242396	-87.652365
36	-85.745684	-87.363988
37	-85.249729	-87.113386
38	-84.472815	-86.764372
39	-84.472815	-86.437471
40	-84.472815	-86.205413
41	-83.508886	-85.839946
42	-83.508886	-85.649789
43	-83.508886	-85.279415
44	-83.508886	-85.107993
45	-83.508886	-84.964397
46	-83.211314	-84.763530
47	-83.112198	-84.585681
48	-82.807794	-84.400142
49	-82.807794	-84.229501
50	-82.620994	-84.048121
51	-82.620994	-83.874601
52	-81.741420	-83.522528
53	-81.741420	-83.421722
54	-81.741420	-83.251493
55	-81.508411	-83.021899
56	-81.508411	-82.835434
57	-81.508411	-82.677411
58	-81.121983	-82.510807
59	-81.121983	-82.318753
60	-81.057830	-82.113383
61	-80.927852	-81.926249
62	-80.254719	-81.658901
63	-80.254719	-81.503021
64	-80.254719	-81.347415
65	-80.043593	-81.198713
66	-79.944518	-81.023607
67	-79.944518	-80.850198
68	-79.580125	-80.566468
69	-79.262687	-80.281300
70	-79.261026	-80.062146
71	-79.225383	-79.942689
72	-79.033906	-79.820064
73	-78.829985	-79.636107
74	-78.058892	-79.435466
75	-77.559632	-79.162977
76	-77.559632	-78.977487
77	-77.559632	-78.763283
78	-77.559632	-78.556541
79	-77.030806	-78.378168
80	-77.030806	-78.155019
81	-76.892778	-77.956585
82	-76.586094	-77.717431
83	-76.586094	-77.564237
84	-76.586094	-77.326028
85	-76.150866	-77.108394
86	-76.150866	-76.994666
87	-75.633309	-76.760586
88	-75.633309	-76.561576
89	-75.592714	-76.458444
90	-75.359305	-76.334936
91	-75.027173	-76.207677
92	-75.027173	-76.010179
93	-74.739419	-75.796888
94	-74.714556	-75.609919
95	-74.599092	-75.492199
96	-74.599092	-75.338801
97	-74.432500	-75.176696
98	-73.925633	-74.981980
99	-73.472890	-74.766354
100	-73.472890	-74.615547
101	-73.472890	-74.455420
102	-73.363308	-74.329594
103	-73.341071	-74.118563
104	-73.098009	-73.994397
105	-72.975712	-73.825609
106	-72.176476	-73.604004
107	-72.176476	-73.406311
108	-72.176476	-73.287117
109	-72.176476	-73.164269
110	-71.724256	-72.969001
111	-71.724256	-72.744111
112	-71.724256	-72.511738
113	-71.387223	-72.356364
114	-71.270841	-72.136278
115	-71.031736	-71.993143
116	-70.969645	-71.793159
117	-70.852971	-71.576561
118	-70.825906	-71.485082
119	-70.596174	-71.272390
120	-70.596174	-71.183398
121	-70.183732	-71.054165
122	-70.183732	-70.910216
123	-70.091053	-70.798426
124	-69.818727	-70.640414
125	-69.285185	-70.495354
126	-69.285185	-70.395798
127	-69.285185	-70.277966
128	-69.263374	-70.089878
129	-69.050198	-69.902088
130	-68.972565	-69.834380
131	-68.972565	-69.696858
132	-68.972565	-69.677852
133	-68.835220	-69.491080
134	-68.816959	-69.359448
135	-68.358260	-69.248776
136	-68.358260	-69.093116
137	-68.353211	-68.995227
138	-68.278421	-68.904765
139	-68.122930	-68.804419
140	-68.122930	-68.746368
141	-68.122930	-68.673839
142	-68.113084	-68.569915
143	-67.847095	-68.480441
144	-67.649721	-68.359617
145	-67.649721	-68.293862
146	-67.649721	-68.200120
147	-67.420417	-68.052697
148	-67.305127	-67.956143
149	-67.192911	-67.872531
150	-67.033445	-67.791871
151	-67.033445	-67.705627
152	-67.033445	-67.638901
153	-67.033445	-67.536179
154	-66.775526	-67.450823
155	-66.775526	-67.338486
156	-66.459663	-67.172559
157	-66.359572	-67.027314
158	-65.965931	-66.886804
159	-65.965931	-66.762989
160	-65.965931	-66.676656
161	-65.965931	-66.609098
162	-65.864542	-66.505490
163	-65.864542	-66.401313
164	-65.552566	-66.256476
165	-65.552566	-66.151070
166	-65.212617	-66.006268
167	-65.212617	-65.892374
168	-65.212617	-65.798265
169	-65.212617	-65.725912
170	-64.990731	-65.655421
171	-64.990731	-65.556434
172	-64.948543	-65.463302
173	-64.893031	-65.375676
174	-64.847917	-65.268844
175	-64.847917	-65.206901
176	-64.640327	-65.106804
177	-64.333927	-65.033299
178	-64.333927	-64.946363
179	-64.293642	-64.842305
180	-64.232405	-64.771121
181	-63.701471	-64.648218
182	-63.701471	-64.566682
183	-63.701471	-64.481136
184	-63.701471	-64.362610
185	-63.593958	-64.230639
186	-63.593958	-64.159083
187	-63.558598	-64.034567
188	-63.453171	-63.963345
189	-63.199796	-63.831872
190	-63.196212	-63.745143
191	-63.020460	-63.610160
192	-62.861388	-63.484207
193	-62.861388	-63.425188
194	-62.761416	-63.348723
195	-62.691455	-63.255435
196	-62.691455	-63.187732
197	-62.436581	-63.090719
198	-62.436581	-62.973102
199	-62.416651	-62.873789
200	-62.386582	-62.802725
201	-62.386582	-62.737639
202	-62.084702	-62.676390
203	-61.714050	-62.535146
204	-61.714050	-62.477199
205	-61.581319	-62.338304
206	-61.581319	-62.252308
207	-61.581319	-62.167171
208	-61.446080	-62.073471
209	-61.446080	-62.014382
210	-61.446080	-61.946821
211	-61.212398	-61.806355
212	-61.212398	-61.742356
213	-61.212398	-61.683572
214	-61.200851	-61.629246
215	-60.968643	-61.533602
216	-60.968643	-61.447723
217	-60.890681	-61.362532
218	-60.890681	-61.329907
219	-60.890681	-61.272261
220	-60.684015	-61.220804
221	-60.684015	-61.178450
222	-60.679080	-61.093705
223	-60.679080	-61.036977
224	-60.604513	-60.968973
225	-60.604513	-60.921341
226	-60.474883	-60.850685
227	-60.412600	-60.767103
228	-60.412600	-60.684962
229	-60.340238	-60.639073
230	-60.340238	-60.605161
231	-60.289069	-60.564346
232	-60.100313	-60.491115
233	-60.020759	-60.420742
234	-59.893432	-60.343609
235	-59.890021	-60.264416
236	-59.890021	-60.199020
237	-59.773777	-60.123763
238	-59.773777	-60.074221
239	-59.511245	-60.000484
240	-59.428540	-59.902609
241	-59.428540	-59.831188
242	-59.395961	-59.751349
243	-59.395961	-59.707307
244	-59.165021	-59.643522
245	-59.165021	-59.584588
246	-59.124882	-59.505488
247	-58.879209	-59.423846
248	-58.879209	-59.370746
249	-58.850054	-59.280865
250	-58.850054	-59.216727
251	-58.822471	-59.133164
252	-58.724649	-59.079899
253	-58.639215	-59.024012
254	-58.634203	-58.974590
255	-58.539755	-58.928570
256	-58.472071	-58.842717
257	-58.234775	-58.750824
258	-58.234019	-58.649633
259	-58.095080	-58.578901
260	-58.041781	-58.474469
261	-57.993383	-58.367214
262	-57.952815	-58.289737
263	-57.872338	-58.240994
264	-57.749465	-58.162375
265	-57.749465	-58.117920
266	-57.605722	-58.023816
267	-57.516782	-57.941393
268	-57.453294	-57.848715
269	-57.453294	-57.775290
270	-57.283933	-57.676602
271	-57.240576	-57.582140
272	-57.083025	-57.499729
273	-56.949786	-57.458928
274	-56.761269	-57.341871
275	-56.761269	-57.281840
276	-56.740722	-57.200609
277	-56.460252	-57.100581
278	-56.460252	-57.023654
279	-56.460252	-56.951266
280	-56.460252	-56.847481
281	-56.460252	-56.792213
282	-56.259678	-56.716166
283	-56.259678	-56.654128
284	-56.079366	-56.599567
285	-56.026470	-56.534265
286	-56.026470	-56.486867
287	-56.026470	-56.423444
288	-56.026470	-56.395123
289	-56.013314	-56.343460
290	-55.959217	-56.289953
291	-55.812186	-56.214369
292	-55.812186	-56.150258
293	-55.812186	-56.070563
294	-55.658675	-56.031995
295	-55.648298	-55.985721
296	-55.640937	-55.918490
297	-55.505919	-55.865750
298	-55.429798	-55.812749
299	-55.429798	-55.762291
300	-55.255340	-55.691392
301	-55.255340	-55.644894
302	-55.101719	-55.560451
303	-55.101719	-55.483793
304	-55.101719	-55.437818
305	-55.101719	-55.402135
306	-55.094024	-55.350610
307	-55.085071	-55.309513
308	-54.959636	-55.250716
309	-54.953758	-55.208172
310	-54.953758	-55.182351
311	-54.871805	-55.129267
312	-54.655245	-55.056538
313	-54.655245	-55.010672
314	-54.552492	-54.952744
315	-54.501721	-54.881989
316	-54.501721	-54.856869
317	-54.500881	-54.802591
318	-54.440543	-54.735620
319	-54.270281	-54.672769
320	-54.270281	-54.613967
321	-54.270281	-54.572754
322	-54.254440	-54.526083
323	-54.143432	-54.486150
324	-54.085004	-54.409911
325	-54.017717	-54.359787
326	-54.008551	-54.317843
327	-53.816133	-54.260892
328	-53.816133	-54.213440
329	-53.816133	-54.180641
330	-53.770217	-54.120824
331	-53.770217	-54.067526
332	-53.769494	-54.018089
333	-53.587178	-53.955528
334	-53.587178	-53.910104
335	-53.587178	-53.867072
336	-53.556648	-53.813523
337	-53.396007	-53.750130
338	-53.379537	-53.703980
339	-53.379537	-53.673240
340	-53.379537	-53.637051
341	-53.338727	-53.585864
342	-53.286842	-53.545233
343	-53.285393	-53.508344
344	-53.243875	-53.457475
345	-53.124845	-53.395310
346	-53.124845	-53.355918
347	-53.122882	-53.323890
348	-53.049462	-53.283419
349	-52.968295	-53.220601
350	-52.925673	-53.186668
351	-52.912595	-53.128685
352	-52.812946	-53.081897
353	-52.812946	-53.052245
354	-52.812946	-53.032346
355	-52.781320	-52.973118
356	-52.763336	-52.944460
357	-52.668046	-52.915196
358	-52.559094	-52.881723
359	-52.532751	-52.822425
360	-52.500723	-52.763794
361	-52.497867	-52.736071
362	-52.394791	-52.685587
363	-52.339403	-52.628253
364	-52.339403	-52.600066
365	-52.242068	-52.558153
366	-52.242068	-52.523193
367	-52.226263	-52.472128
368	-52.196062	-52.433080
369	-52.101900	-52.385016
370	-52.063701	-52.326526
371	-52.053670	-52.275515
372	-51.961011	-52.246141
373	-51.911805	-52.194518
374	-51.911805	-52.147399
375	-51.819940	-52.109337
376	-51.819940	-52.068002
377	-51.819940	-52.011141
378	-51.819940	-52.008109
