# GA for labeling mashup day-n-night-inc
# size = 300
# crossover rate = 0.900000
# mutation rate = 0.100000
# optimum = 0.010000
# -------------------------------------------------------------------
# GENERATION   BEST'S FITNESS   AVG FITNESS   EXP WGT AVG   TRUE DIST
1	-100.108690	-101.750686	-101.845430	0.554018
2	-98.119940	-101.254605	-101.353821	0.555791
3	-98.119940	-100.796296	-100.887958	0.559226
4	-97.765519	-100.328191	-100.421812	0.567098
5	-97.765519	-99.984903	-100.053561	0.575070
6	-97.765519	-99.542919	-99.631316	0.587050
7	-97.350556	-99.260417	-99.316917	0.592117
8	-96.663951	-98.786594	-98.881359	0.597475
9	-94.790640	-98.401725	-98.478699	0.602621
10	-94.790640	-98.084536	-98.147974	0.610174
11	-94.790640	-97.793383	-97.851613	0.617365
12	-94.790640	-97.449501	-97.518277	0.625638
13	-94.647419	-97.187185	-97.239648	0.631056
14	-94.591134	-96.888898	-96.948556	0.637037
15	-94.479234	-96.364026	-96.469000	0.647691
16	-93.942791	-95.901384	-95.993912	0.659515
17	-93.743387	-95.456795	-95.545713	0.669452
18	-93.025655	-95.110613	-95.179849	0.678352
19	-92.927359	-94.781206	-94.847087	0.684485
20	-92.066542	-94.481584	-94.541509	0.694168
21	-92.066542	-94.091508	-94.169523	0.704580
22	-91.873668	-93.816081	-93.871166	0.711241
23	-91.873668	-93.547202	-93.600978	0.717338
24	-91.654904	-93.298418	-93.348174	0.719998
25	-91.009160	-92.863187	-92.950233	0.719926
26	-91.009160	-92.618272	-92.667255	0.715414
27	-90.434865	-92.242787	-92.317884	0.705967
28	-90.431166	-91.885496	-91.956954	0.696021
29	-89.926011	-91.651959	-91.698666	0.688392
30	-89.926011	-91.520043	-91.546426	0.687988
31	-89.413867	-91.286783	-91.333435	0.680844
32	-89.175808	-90.972146	-91.035074	0.671637
33	-88.978480	-90.755032	-90.798455	0.666295
34	-88.978480	-90.457592	-90.517080	0.659434
35	-88.493202	-90.117219	-90.185293	0.652724
36	-88.493202	-89.827259	-89.885251	0.646255
37	-88.098652	-89.610659	-89.653979	0.641762
38	-87.562055	-89.356287	-89.407161	0.637147
39	-87.562055	-89.113060	-89.161705	0.632439
40	-87.562055	-88.897334	-88.940479	0.628962
41	-87.562055	-88.711944	-88.749022	0.624705
42	-85.617185	-88.358737	-88.429378	0.618516
43	-85.617185	-88.106566	-88.157000	0.614672
44	-85.617185	-87.884309	-87.928761	0.610413
45	-85.617185	-87.602755	-87.659066	0.605701
46	-85.617185	-87.294584	-87.356218	0.601294
47	-85.558369	-86.986744	-87.048312	0.596656
48	-84.807631	-86.576645	-86.658665	0.590552
49	-84.807631	-86.363388	-86.406039	0.588093
50	-84.807631	-86.034317	-86.100131	0.583877
51	-84.134501	-85.736438	-85.796014	0.580629
52	-84.134501	-85.580925	-85.612028	0.578168
53	-83.753904	-85.397019	-85.433800	0.575903
54	-83.156133	-85.211607	-85.248689	0.573281
55	-83.077985	-84.884675	-84.950061	0.568924
56	-83.077985	-84.645715	-84.693507	0.565724
57	-83.077985	-84.420686	-84.465692	0.563176
58	-83.077985	-84.275998	-84.304936	0.560941
59	-82.027316	-83.939015	-84.006411	0.556969
60	-82.027316	-83.751127	-83.788705	0.554734
61	-82.027316	-83.573699	-83.609185	0.552896
62	-82.027316	-83.349730	-83.394524	0.550395
63	-82.027316	-83.206581	-83.235211	0.548845
64	-81.975121	-83.036841	-83.070789	0.546918
65	-81.975121	-82.923087	-82.945838	0.546331
66	-81.815168	-82.741022	-82.777435	0.544528
67	-81.069913	-82.499623	-82.547903	0.542402
68	-81.069913	-82.266641	-82.313238	0.540884
69	-81.069913	-82.044003	-82.088531	0.539261
70	-81.069913	-81.815222	-81.860978	0.537246
71	-80.903963	-81.671372	-81.700142	0.535846
72	-80.376484	-81.476139	-81.515186	0.534222
73	-79.998306	-81.314167	-81.346562	0.532714
74	-79.998306	-81.196989	-81.220425	0.531833
75	-79.998306	-81.011202	-81.048359	0.530414
76	-79.866551	-80.767514	-80.816252	0.528439
77	-79.178935	-80.509627	-80.561204	0.526683
78	-79.178935	-80.297775	-80.340145	0.525273
79	-79.178935	-80.156056	-80.184400	0.524211
80	-79.072556	-79.948287	-79.989841	0.522028
81	-78.657952	-79.774065	-79.808909	0.520670
82	-78.327121	-79.681170	-79.699749	0.519941
83	-78.327121	-79.485124	-79.524333	0.518590
84	-78.048968	-79.292404	-79.330948	0.517106
85	-78.048968	-79.141922	-79.172019	0.516225
86	-78.048968	-78.996523	-79.025603	0.515131
87	-77.698513	-78.780646	-78.823821	0.513279
88	-77.409444	-78.514859	-78.568016	0.511271
89	-77.409444	-78.366661	-78.396301	0.510006
90	-77.319813	-78.144486	-78.188921	0.508264
91	-77.319813	-77.981889	-78.014408	0.507003
92	-76.740946	-77.748236	-77.794966	0.505375
93	-76.740946	-77.661034	-77.678475	0.505070
94	-76.705226	-77.524062	-77.551457	0.504057
95	-76.335448	-77.328521	-77.367629	0.502371
96	-76.212622	-77.093596	-77.140581	0.500379
97	-75.956663	-76.838276	-76.889340	0.498575
98	-75.956663	-76.740171	-76.759792	0.497758
99	-75.956663	-76.616821	-76.641491	0.496786
100	-75.733672	-76.488309	-76.514011	0.495917
101	-75.457613	-76.336289	-76.366693	0.495008
102	-75.213532	-76.167907	-76.201583	0.494221
103	-75.170474	-76.025733	-76.054168	0.493719
104	-74.871354	-75.891331	-75.918212	0.492650
105	-74.871354	-75.759756	-75.786071	0.491617
106	-74.871354	-75.594685	-75.627699	0.490964
107	-74.871354	-75.418227	-75.453519	0.489501
108	-74.311234	-75.262773	-75.293864	0.488440
109	-74.311234	-75.123454	-75.151318	0.487607
110	-74.240812	-74.975434	-75.005038	0.486388
111	-74.223961	-74.856546	-74.880324	0.485574
112	-74.121589	-74.736109	-74.760197	0.484600
113	-74.035959	-74.610925	-74.635962	0.483902
114	-73.702782	-74.498311	-74.520834	0.483048
115	-73.702782	-74.361712	-74.389032	0.482169
116	-73.560997	-74.285846	-74.301019	0.481787
117	-73.124840	-74.122972	-74.155547	0.480375
118	-73.124840	-74.046033	-74.061421	0.480057
119	-73.124840	-73.959137	-73.976516	0.479686
120	-72.973500	-73.844396	-73.867345	0.479042
121	-72.973500	-73.772216	-73.786652	0.478782
122	-72.973500	-73.656531	-73.679668	0.477863
123	-72.791327	-73.530166	-73.555439	0.476816
124	-72.744792	-73.433603	-73.452915	0.476503
125	-72.744792	-73.361917	-73.376254	0.476212
126	-72.744792	-73.293951	-73.307544	0.475260
127	-72.378976	-73.150194	-73.178946	0.474257
128	-72.378976	-73.064826	-73.081900	0.473961
129	-72.378976	-72.995019	-73.008981	0.473508
130	-72.367898	-72.860802	-72.887646	0.472973
131	-71.685568	-72.733211	-72.758730	0.472089
132	-71.685568	-72.649253	-72.666045	0.471389
133	-71.685568	-72.549765	-72.569662	0.470906
134	-71.685568	-72.439185	-72.461301	0.470428
135	-71.539599	-72.345640	-72.364349	0.469954
136	-71.539599	-72.230896	-72.253845	0.469298
137	-71.368252	-72.076376	-72.107280	0.468534
138	-71.200204	-71.910274	-71.943494	0.467838
139	-71.181930	-71.737113	-71.771745	0.467008
140	-71.181930	-71.623999	-71.646622	0.466510
141	-71.150729	-71.551272	-71.565817	0.466115
142	-71.013759	-71.463223	-71.480832	0.465644
143	-70.816774	-71.389555	-71.404289	0.465358
144	-70.787528	-71.309485	-71.325499	0.464848
145	-70.655503	-71.225620	-71.242393	0.464582
146	-70.424856	-71.099327	-71.124586	0.463485
147	-70.424856	-71.052472	-71.061843	0.462942
148	-70.424856	-70.976081	-70.991360	0.462484
149	-70.424856	-70.907089	-70.920887	0.462009
150	-70.424856	-70.840736	-70.854006	0.461710
151	-70.368875	-70.755956	-70.772912	0.460989
152	-70.167736	-70.694775	-70.707011	0.460653
153	-70.049267	-70.608275	-70.625575	0.460070
154	-70.049267	-70.538156	-70.552180	0.459574
155	-70.048273	-70.459447	-70.475189	0.458912
156	-70.028389	-70.369633	-70.387596	0.458232
157	-69.805151	-70.273467	-70.292701	0.457912
158	-69.746149	-70.180914	-70.199425	0.457178
159	-69.705138	-70.106525	-70.121403	0.456833
160	-69.557876	-70.004208	-70.024671	0.456301
161	-69.440624	-69.915499	-69.933241	0.455895
162	-69.319618	-69.789708	-69.814866	0.454969
163	-69.261509	-69.710874	-69.726641	0.454767
164	-69.252618	-69.631711	-69.647543	0.454379
165	-69.034460	-69.528001	-69.548743	0.453724
166	-69.010956	-69.467796	-69.479837	0.453062
167	-69.004341	-69.371962	-69.391129	0.452701
168	-68.795032	-69.280188	-69.298543	0.452014
169	-68.795032	-69.218952	-69.231199	0.451554
170	-68.585144	-69.126407	-69.144916	0.450972
171	-68.400316	-69.024566	-69.044934	0.450461
172	-68.400316	-68.937327	-68.954775	0.449622
173	-68.400316	-68.862928	-68.877808	0.449002
174	-68.400316	-68.803559	-68.815433	0.448871
175	-68.272771	-68.722722	-68.738890	0.448108
176	-68.063488	-68.604945	-68.628501	0.447640
177	-68.063488	-68.537559	-68.551036	0.447153
178	-67.692739	-68.425950	-68.448272	0.446468
179	-67.692739	-68.373712	-68.384160	0.446106
180	-67.692739	-68.285375	-68.303043	0.445566
181	-67.692739	-68.181571	-68.202332	0.444890
182	-67.692739	-68.083192	-68.102868	0.444042
183	-67.322585	-68.020971	-68.033416	0.443815
184	-67.322585	-67.907783	-67.930421	0.442983
185	-67.125717	-67.771094	-67.798432	0.442236
186	-67.125717	-67.672143	-67.691933	0.441898
187	-66.976025	-67.580313	-67.598679	0.441329
188	-66.976025	-67.476614	-67.497354	0.440635
189	-66.950155	-67.387316	-67.405175	0.440204
190	-66.796929	-67.288890	-67.308575	0.439613
191	-66.573716	-67.205195	-67.221934	0.439012
192	-66.573716	-67.134767	-67.148853	0.438412
193	-66.567610	-67.035002	-67.054955	0.437820
194	-66.353386	-66.953761	-66.970009	0.437476
195	-66.272434	-66.852715	-66.872924	0.436789
196	-66.272434	-66.776450	-66.791703	0.436040
197	-66.071584	-66.673352	-66.693972	0.435356
198	-66.071584	-66.582349	-66.600550	0.434477
199	-66.012538	-66.520694	-66.533025	0.434086
200	-65.910102	-66.413274	-66.434758	0.433366
201	-65.492213	-66.340241	-66.354847	0.432696
202	-65.492213	-66.260667	-66.276581	0.432228
203	-65.492213	-66.158617	-66.179027	0.431654
204	-65.492213	-66.090561	-66.104172	0.431165
205	-65.364277	-65.972002	-65.995714	0.430034
206	-65.252925	-65.899500	-65.914001	0.429173
207	-65.252925	-65.793530	-65.814724	0.428168
208	-65.236890	-65.692438	-65.712657	0.427471
209	-65.044221	-65.601212	-65.619458	0.426803
210	-64.968187	-65.501465	-65.521415	0.425815
211	-64.896471	-65.406672	-65.425631	0.425150
212	-64.739627	-65.302362	-65.323224	0.424242
213	-64.711021	-65.217389	-65.234384	0.423412
214	-64.648322	-65.112121	-65.133175	0.422232
215	-64.648322	-65.056210	-65.067392	0.421901
216	-64.363888	-64.940067	-64.963295	0.420661
217	-64.363888	-64.826682	-64.849359	0.419621
218	-64.363888	-64.765976	-64.778117	0.419056
219	-64.363888	-64.709416	-64.720728	0.418993
220	-64.299207	-64.636078	-64.650745	0.418639
221	-64.228957	-64.575169	-64.587351	0.417946
222	-64.113346	-64.514401	-64.526555	0.417589
223	-64.113346	-64.461312	-64.471930	0.417760
224	-64.048486	-64.399370	-64.411759	0.417553
225	-64.002767	-64.349978	-64.359856	0.416837
226	-63.974746	-64.288870	-64.301091	0.415980
227	-63.727052	-64.190998	-64.210573	0.414794
228	-63.660397	-64.100028	-64.118222	0.414337
229	-63.653149	-64.044180	-64.055350	0.413816
230	-63.442966	-63.954139	-63.972147	0.413011
231	-63.315018	-63.897139	-63.908539	0.412168
232	-63.315018	-63.820382	-63.835734	0.411696
233	-63.315018	-63.751368	-63.765171	0.410904
234	-63.183134	-63.670732	-63.686859	0.409900
235	-63.183134	-63.581835	-63.599614	0.409166
236	-63.032195	-63.494719	-63.512142	0.408386
237	-62.989286	-63.408404	-63.425667	0.407518
238	-62.935183	-63.324164	-63.341012	0.406803
239	-62.723098	-63.263571	-63.275689	0.406510
240	-62.723098	-63.204881	-63.216619	0.406081
241	-62.723098	-63.112155	-63.130700	0.405460
242	-62.696187	-63.014949	-63.034390	0.404742
243	-62.542050	-62.925264	-62.943201	0.403995
244	-62.476019	-62.844083	-62.860319	0.403704
245	-62.408935	-62.774134	-62.788124	0.403124
246	-62.254119	-62.673339	-62.693498	0.402255
247	-62.247597	-62.610406	-62.622992	0.401827
248	-62.070542	-62.552924	-62.564420	0.401475
249	-62.070542	-62.475970	-62.491361	0.400834
250	-62.070542	-62.408358	-62.421880	0.400450
251	-62.070542	-62.369938	-62.377622	0.400137
252	-61.895253	-62.292797	-62.308225	0.399531
253	-61.754982	-62.224822	-62.238417	0.398873
254	-61.754982	-62.175110	-62.185052	0.398684
255	-61.754982	-62.140548	-62.147460	0.398655
256	-61.754982	-62.071065	-62.084962	0.398333
257	-61.742160	-62.015779	-62.026836	0.397947
258	-61.499265	-61.933759	-61.950163	0.397526
259	-61.484311	-61.872411	-61.884681	0.397313
260	-61.484311	-61.807993	-61.820877	0.396655
261	-61.455048	-61.748722	-61.760576	0.396161
262	-61.455048	-61.690219	-61.701920	0.396155
263	-61.212044	-61.597181	-61.615789	0.395135
264	-61.212044	-61.563894	-61.570551	0.394808
265	-61.128945	-61.496776	-61.510200	0.394632
266	-61.128945	-61.429089	-61.442627	0.393998
267	-60.939244	-61.352603	-61.367900	0.393677
268	-60.939244	-61.296934	-61.308067	0.393210
269	-60.939244	-61.254263	-61.262797	0.392780
270	-60.764683	-61.174380	-61.190356	0.392338
271	-60.758294	-61.099369	-61.114372	0.392105
272	-60.622912	-61.042402	-61.053796	0.391796
273	-60.622912	-60.986096	-60.997357	0.391547
274	-60.622912	-60.932464	-60.943191	0.391046
275	-60.511774	-60.855712	-60.871062	0.390122
276	-60.441351	-60.784003	-60.798345	0.389827
277	-60.441351	-60.733472	-60.743578	0.389282
278	-60.441351	-60.672646	-60.684811	0.388843
279	-60.321565	-60.625695	-60.635085	0.388470
280	-60.304741	-60.571592	-60.582413	0.387892
281	-60.116115	-60.529272	-60.537736	0.387513
282	-60.116115	-60.452796	-60.468091	0.386823
283	-60.116115	-60.407835	-60.416827	0.386447
284	-60.081829	-60.356035	-60.366395	0.385898
285	-59.946195	-60.274656	-60.290931	0.384677
286	-59.786401	-60.189594	-60.206606	0.383632
287	-59.690099	-60.135127	-60.146021	0.382885
288	-59.690099	-60.077040	-60.088657	0.382389
289	-59.690099	-60.011445	-60.024564	0.381758
290	-59.689365	-59.939127	-59.953591	0.381144
291	-59.619917	-59.888574	-59.898684	0.380635
292	-59.460476	-59.845961	-59.854484	0.380332
293	-59.460476	-59.774818	-59.789047	0.379406
294	-59.420412	-59.719400	-59.730484	0.378712
295	-59.319819	-59.652337	-59.665749	0.378617
296	-59.257059	-59.607723	-59.616646	0.378170
297	-59.195856	-59.526128	-59.542447	0.377582
298	-59.055814	-59.451477	-59.466407	0.376808
299	-59.055814	-59.389625	-59.401995	0.376271
300	-58.777721	-59.342214	-59.351696	0.375849
301	-58.777721	-59.272598	-59.286521	0.375432
302	-58.777721	-59.236640	-59.243831	0.375302
303	-58.777721	-59.179384	-59.190835	0.374611
304	-58.777721	-59.135354	-59.144160	0.374050
305	-58.732325	-59.078353	-59.089753	0.373646
306	-58.691488	-59.001394	-59.016786	0.372736
307	-58.691488	-58.951837	-58.961749	0.372411
308	-58.641949	-58.894620	-58.906064	0.371532
309	-58.427554	-58.814694	-58.830679	0.370673
310	-58.427554	-58.770040	-58.778970	0.370293
311	-58.390453	-58.725012	-58.734017	0.369921
312	-58.360423	-58.661919	-58.674538	0.369550
313	-58.339907	-58.625570	-58.632840	0.369232
314	-58.339907	-58.588873	-58.596212	0.368633
315	-58.303255	-58.542667	-58.551908	0.368154
316	-58.161882	-58.479009	-58.491741	0.367677
317	-58.079476	-58.428705	-58.438766	0.366806
318	-58.031750	-58.381219	-58.390716	0.366257
319	-58.031750	-58.328251	-58.338845	0.365642
