# GA for labeling mashup day-n-night-inc
# size = 300
# max generations = 100
# crossover rate = 0.900000
# mutation rate = 0.100000
# optimum = 0.010000
# -----------------------------------------
# GENERATION   BEST'S FITNESS   AVG FITNESS
1	-98.119689	-100.175301
2	-96.849054	-99.645870
3	-96.849054	-99.291938
4	-96.849054	-98.981232
5	-95.481608	-98.223210
6	-95.481608	-97.645915
7	-95.481608	-97.483301
8	-95.291357	-97.149658
9	-95.291357	-96.803012
10	-94.301386	-96.247585
11	-93.568904	-95.791882
12	-93.568904	-95.458490
13	-93.568904	-95.223895
14	-93.568904	-94.945193
15	-92.979588	-94.638480
16	-92.957072	-94.342058
17	-92.130441	-94.067829
18	-91.330023	-93.585428
19	-91.308843	-93.049044
20	-91.308843	-92.783213
21	-90.948814	-92.318968
22	-90.591831	-91.986874
23	-90.121717	-91.694145
24	-90.121717	-91.429354
25	-89.648936	-91.118262
26	-89.648936	-90.788492
27	-89.260834	-90.592031
28	-89.042233	-90.286879
29	-88.813176	-89.929564
30	-88.499955	-89.714055
31	-87.892603	-89.451159
32	-87.892603	-89.277646
33	-87.892603	-89.108905
34	-87.396312	-88.875310
35	-87.102750	-88.707461
36	-87.102750	-88.560363
37	-86.991973	-88.277079
38	-86.960070	-88.049536
39	-86.474672	-87.906248
40	-86.368704	-87.608280
41	-85.399301	-87.285958
42	-85.399301	-86.968936
43	-85.399301	-86.708871
44	-85.284056	-86.486223
45	-85.284056	-86.339107
46	-85.284056	-86.204416
47	-85.151704	-86.051047
48	-84.913773	-85.857185
49	-84.512951	-85.694344
50	-84.105210	-85.456498
51	-84.084534	-85.201097
52	-84.084534	-85.044239
53	-83.762361	-84.780519
54	-83.729808	-84.540598
55	-83.361272	-84.384822
56	-82.965561	-84.147571
57	-82.769130	-83.895156
58	-82.579693	-83.661001
59	-82.421610	-83.474366
60	-82.309903	-83.346621
61	-82.156274	-83.172405
62	-81.884873	-82.907261
63	-81.492296	-82.640663
64	-81.492296	-82.488436
65	-81.492296	-82.354136
66	-80.949787	-82.189942
67	-80.949787	-82.060668
68	-80.537607	-81.872860
69	-80.537607	-81.708098
70	-79.982885	-81.588308
71	-79.982885	-81.462119
72	-79.982885	-81.338279
73	-79.982885	-81.211374
74	-79.982885	-81.125698
75	-79.980195	-80.994347
76	-79.980195	-80.850856
77	-79.980195	-80.744853
78	-79.851091	-80.615499
79	-79.719556	-80.475295
80	-79.435452	-80.354427
81	-79.435452	-80.239691
82	-79.435452	-80.145554
83	-79.127937	-79.971170
84	-79.127937	-79.840199
85	-78.715396	-79.651843
86	-78.715396	-79.451853
87	-78.715396	-79.353227
88	-78.649931	-79.263249
89	-78.599105	-79.186369
90	-78.334652	-79.104576
91	-78.272473	-78.979220
92	-77.988214	-78.772720
93	-77.988214	-78.674583
94	-77.925513	-78.594397
95	-77.925513	-78.467701
96	-77.557895	-78.380303
97	-77.363382	-78.266973
98	-77.329290	-78.144213
99	-77.329290	-78.067633
100	-77.329290	-77.935512
101	-76.991279	-77.751768
102	-76.991279	-77.602433
103	-76.758893	-77.450892
104	-76.692792	-77.363587
105	-76.663181	-77.243164
106	-76.568950	-77.137591
107	-76.384936	-77.042345
108	-76.083684	-76.891776
109	-76.082902	-76.706787
110	-75.987492	-76.611429
111	-75.445878	-76.441851
112	-75.445878	-76.311481
113	-75.373004	-76.163187
114	-75.159125	-76.049283
115	-75.159125	-75.908447
116	-75.159125	-75.727131
117	-74.929258	-75.617678
118	-74.582492	-75.452951
119	-74.582492	-75.371965
120	-74.568120	-75.272390
121	-74.568120	-75.180876
122	-74.487568	-75.017212
123	-74.313663	-74.927045
124	-73.953042	-74.774527
125	-73.953042	-74.648412
126	-73.953042	-74.522868
127	-73.910604	-74.412382
128	-73.696204	-74.342312
129	-73.696204	-74.254007
130	-73.439352	-74.164865
131	-73.211775	-73.998124
132	-73.211775	-73.891066
133	-73.211775	-73.811576
134	-73.091723	-73.640131
135	-72.896211	-73.536030
136	-72.834454	-73.461394
137	-72.826918	-73.348395
138	-72.671708	-73.268344
139	-72.475643	-73.191220
140	-72.475643	-73.074076
141	-72.446796	-72.943323
142	-72.446796	-72.855469
143	-72.305086	-72.745698
144	-72.161621	-72.674393
145	-72.073604	-72.571343
146	-72.073278	-72.482412
147	-71.731123	-72.359775
148	-71.731123	-72.296341
149	-71.725843	-72.204147
150	-71.591755	-72.102296
151	-71.537614	-72.037135
152	-71.457189	-71.964813
153	-71.342166	-71.874202
154	-71.342166	-71.810335
155	-71.122764	-71.702925
156	-71.098724	-71.615038
157	-71.090310	-71.533177
158	-71.011408	-71.423258
159	-70.869459	-71.304733
160	-70.652804	-71.226315
161	-70.533275	-71.119296
162	-70.533275	-71.022888
163	-70.372138	-70.892512
164	-70.358599	-70.777634
165	-70.007512	-70.647913
166	-70.007512	-70.528306
167	-70.007512	-70.442692
168	-69.904199	-70.352486
169	-69.889901	-70.276052
170	-69.771850	-70.214192
171	-69.754910	-70.151139
172	-69.587832	-70.070273
173	-69.522097	-69.960516
174	-69.357862	-69.882013
175	-69.357862	-69.777121
176	-69.143925	-69.656449
177	-68.879544	-69.534023
178	-68.879544	-69.467032
179	-68.879544	-69.400435
180	-68.879544	-69.329652
181	-68.696206	-69.257571
182	-68.696206	-69.186637
183	-68.682823	-69.127273
184	-68.682823	-69.075872
185	-68.574168	-68.987741
186	-68.523655	-68.924323
187	-68.158961	-68.809694
188	-68.158961	-68.726681
189	-68.158961	-68.659696
190	-68.093591	-68.571145
191	-68.093591	-68.484168
192	-68.053696	-68.392184
193	-67.784487	-68.317274
194	-67.784487	-68.209938
195	-67.784487	-68.149294
196	-67.594363	-68.079352
197	-67.469251	-68.022541
198	-67.469251	-67.967652
199	-67.321981	-67.914920
200	-67.321981	-67.862820
201	-67.321981	-67.806731
202	-67.107328	-67.706376
203	-67.107328	-67.619167
204	-67.107328	-67.544859
205	-67.052757	-67.471478
206	-66.855487	-67.383977
207	-66.855487	-67.283906
208	-66.818202	-67.192583
209	-66.708230	-67.139727
210	-66.708230	-67.078322
211	-66.707445	-66.979165
212	-66.614389	-66.907508
213	-66.533363	-66.846407
214	-66.428967	-66.793550
215	-66.388741	-66.736656
216	-66.388741	-66.669200
217	-66.256912	-66.583358
218	-66.202713	-66.495586
219	-66.107391	-66.423851
220	-66.056488	-66.373878
221	-65.986329	-66.302068
222	-65.955820	-66.248884
223	-65.774943	-66.163392
224	-65.774943	-66.107114
225	-65.774943	-66.063031
226	-65.709846	-66.025697
227	-65.443232	-65.982349
228	-65.443232	-65.905750
229	-65.362879	-65.850863
230	-65.199676	-65.762898
231	-65.162255	-65.660801
232	-65.072223	-65.550338
233	-65.072223	-65.513606
234	-65.013003	-65.434686
235	-65.013003	-65.365168
236	-64.966686	-65.312451
237	-64.960274	-65.235173
238	-64.692486	-65.182429
239	-64.692486	-65.094747
240	-64.692486	-65.033144
241	-64.674808	-64.972936
242	-64.565081	-64.909570
243	-64.408091	-64.821431
244	-64.388488	-64.766262
245	-64.319665	-64.705919
246	-64.104457	-64.637789
247	-64.104457	-64.545186
248	-64.035191	-64.443672
249	-64.035191	-64.366947
250	-64.035191	-64.321430
251	-64.035191	-64.276597
252	-64.008199	-64.215344
253	-63.929675	-64.177461
254	-63.729037	-64.116732
255	-63.729037	-64.054631
256	-63.713568	-64.016376
257	-63.677729	-63.949450
258	-63.630357	-63.909805
259	-63.594500	-63.862298
260	-63.483007	-63.795194
261	-63.408326	-63.718504
262	-63.391462	-63.646007
263	-63.318903	-63.589657
264	-63.293985	-63.545218
265	-63.285531	-63.503819
266	-62.995056	-63.427067
267	-62.995056	-63.374978
268	-62.913294	-63.325972
269	-62.913294	-63.258010
270	-62.913294	-63.221790
271	-62.913294	-63.176928
272	-62.816210	-63.129209
273	-62.816210	-63.076695
274	-62.716873	-63.023208
275	-62.650430	-62.962230
276	-62.648026	-62.897237
277	-62.588589	-62.836575
278	-62.387862	-62.789641
279	-62.387862	-62.736324
280	-62.387862	-62.686289
281	-62.387862	-62.652960
282	-62.349351	-62.601020
283	-62.321454	-62.538615
284	-62.243279	-62.485445
285	-62.164065	-62.434950
286	-62.065758	-62.372385
287	-62.065758	-62.337451
288	-61.829075	-62.276297
289	-61.829075	-62.237363
290	-61.829075	-62.171492
291	-61.824435	-62.112773
292	-61.770734	-62.064618
293	-61.706018	-62.000530
294	-61.706018	-61.963977
295	-61.520480	-61.900044
296	-61.520480	-61.845119
297	-61.520480	-61.801436
298	-61.444782	-61.761431
299	-61.444782	-61.723587
300	-61.330256	-61.667198
301	-61.330256	-61.595932
302	-61.303632	-61.547828
303	-61.166355	-61.477271
304	-61.157430	-61.430472
305	-61.137057	-61.377615
306	-61.024729	-61.324201
307	-61.008740	-61.262373
308	-60.947996	-61.201264
309	-60.842636	-61.158475
310	-60.842636	-61.123313
311	-60.842636	-61.067325
312	-60.775340	-61.009738
313	-60.709211	-60.967706
314	-60.664964	-60.910929
315	-60.637205	-60.864143
316	-60.495397	-60.810501
317	-60.495397	-60.773000
318	-60.495397	-60.730770
319	-60.445518	-60.687827
320	-60.429407	-60.655429
321	-60.381596	-60.599743
322	-60.205335	-60.541391
323	-60.205335	-60.508537
324	-60.155287	-60.466008
325	-60.155287	-60.406325
326	-60.111682	-60.338238
327	-60.026540	-60.271665
328	-59.893530	-60.224792
329	-59.893530	-60.177806
330	-59.810849	-60.134616
331	-59.801005	-60.084945
332	-59.778617	-60.047928
333	-59.716991	-59.994797
334	-59.711164	-59.946390
335	-59.711164	-59.909331
336	-59.639932	-59.861077
337	-59.537474	-59.807789
338	-59.506313	-59.767022
339	-59.343506	-59.722882
340	-59.343506	-59.662646
341	-59.343506	-59.634325
342	-59.326735	-59.596418
343	-59.271685	-59.557616
344	-59.271685	-59.532838
345	-59.271685	-59.500285
346	-59.220228	-59.465693
347	-59.176716	-59.412812
348	-59.102288	-59.372984
349	-59.102288	-59.325850
350	-59.040198	-59.281016
351	-59.040198	-59.243448
352	-58.915848	-59.193969
353	-58.849241	-59.154514
354	-58.849241	-59.124664
355	-58.849241	-59.074191
356	-58.849241	-59.036696
357	-58.706696	-58.985560
358	-58.638387	-58.952992
359	-58.597450	-58.893835
360	-58.583458	-58.839681
361	-58.373223	-58.767887
362	-58.373223	-58.730258
363	-58.373223	-58.686726
364	-58.285810	-58.618641
365	-58.285810	-58.585875
366	-58.285810	-58.525681
367	-58.203501	-58.462855
368	-58.092011	-58.417186
369	-58.092011	-58.364070
370	-57.952395	-58.314522
371	-57.952395	-58.262229
372	-57.931746	-58.209344
373	-57.931746	-58.166099
374	-57.920959	-58.132926
375	-57.910866	-58.082850
376	-57.905483	-58.052906
377	-57.782732	-58.020189
378	-57.553669	-57.974634
379	-57.553669	-57.947201
380	-57.553669	-57.889106
381	-57.553669	-57.860776
382	-57.553669	-57.832972
383	-57.553669	-57.814171
384	-57.553669	-57.760227
385	-57.528126	-57.728902
386	-57.376137	-57.680141
387	-57.376137	-57.649195
388	-57.376137	-57.610218
389	-57.322395	-57.565025
390	-57.273127	-57.516002
391	-57.174218	-57.459507
392	-57.174218	-57.428161
393	-57.136816	-57.379054
394	-57.007214	-57.319958
395	-57.005310	-57.251522
396	-56.963655	-57.204296
397	-56.963655	-57.167940
398	-56.913115	-57.125424
399	-56.817526	-57.071086
400	-56.817526	-57.019995
401	-56.771557	-56.976239
402	-56.626978	-56.930885
403	-56.556443	-56.895056
404	-56.556443	-56.855074
405	-56.529999	-56.812349
406	-56.529999	-56.782095
407	-56.446403	-56.741222
408	-56.446403	-56.714247
409	-56.443039	-56.661230
410	-56.329693	-56.600674
411	-56.276165	-56.554449
412	-56.276165	-56.527618
413	-56.276165	-56.498225
414	-56.265440	-56.444099
415	-56.098469	-56.401139
416	-56.098469	-56.364558
417	-56.098469	-56.344130
418	-56.098469	-56.318475
419	-56.089185	-56.278620
420	-56.089185	-56.251028
421	-56.005460	-56.223590
422	-55.995885	-56.193232
423	-55.936307	-56.161058
424	-55.936307	-56.134282
425	-55.936307	-56.110071
426	-55.884377	-56.086482
427	-55.884377	-56.055671
428	-55.884377	-56.031654
429	-55.827634	-56.004585
430	-55.824726	-55.983058
431	-55.788845	-55.960733
432	-55.707095	-55.931452
433	-55.707095	-55.909217
434	-55.707095	-55.883670
435	-55.647424	-55.839251
436	-55.630953	-55.813019
437	-55.630953	-55.792154
438	-55.601909	-55.749338
439	-55.557598	-55.709835
440	-55.523726	-55.677028
441	-55.501236	-55.643651
442	-55.387489	-55.613741
443	-55.387489	-55.588693
444	-55.387458	-55.554781
445	-55.337709	-55.531074
446	-55.306772	-55.483394
447	-55.289597	-55.449764
448	-55.263418	-55.410047
449	-55.216855	-55.384525
450	-55.173116	-55.344903
451	-55.088005	-55.299659
452	-55.088005	-55.266571
453	-55.017524	-55.234148
454	-55.017524	-55.213495
455	-54.985382	-55.185556
456	-54.860406	-55.149388
457	-54.829569	-55.097339
458	-54.829569	-55.045752
459	-54.829569	-55.023186
460	-54.829569	-54.984772
461	-54.753317	-54.941133
462	-54.753317	-54.924310
463	-54.704972	-54.878078
464	-54.646565	-54.852982
465	-54.629385	-54.823585
466	-54.629385	-54.794733
467	-54.629385	-54.770271
468	-54.522067	-54.727985
469	-54.522067	-54.705038
470	-54.522067	-54.684845
471	-54.510482	-54.660988
472	-54.443061	-54.639683
473	-54.443061	-54.599261
474	-54.357278	-54.558332
475	-54.341715	-54.515718
476	-54.328368	-54.479648
477	-54.296406	-54.456615
478	-54.185929	-54.422115
479	-54.185929	-54.404919
480	-54.185929	-54.364694
481	-54.185929	-54.338535
482	-54.098456	-54.309671
483	-54.098456	-54.278354
484	-54.061570	-54.241650
485	-54.061570	-54.217094
486	-53.994331	-54.168457
487	-53.982162	-54.144172
488	-53.930461	-54.116885
489	-53.930461	-54.091609
490	-53.858957	-54.054644
491	-53.837056	-54.021088
492	-53.810603	-53.994172
493	-53.775867	-53.969408
494	-53.775867	-53.940426
495	-53.775867	-53.916267
496	-53.707877	-53.882360
497	-53.707877	-53.860665
498	-53.702975	-53.832467
499	-53.631613	-53.800552
500	-53.631613	-53.776337
501	-53.601287	-53.753266
502	-53.527548	-53.715130
503	-53.510253	-53.672106
504	-53.481166	-53.634803
505	-53.457119	-53.597612
506	-53.372730	-53.564800
507	-53.372730	-53.531381
508	-53.287209	-53.493355
509	-53.287209	-53.463881
510	-53.256745	-53.444387
511	-53.204550	-53.407430
512	-53.153350	-53.384096
513	-53.153350	-53.360323
514	-53.106017	-53.342838
515	-53.106017	-53.302494
516	-53.094858	-53.275152
517	-53.094858	-53.256136
518	-53.053754	-53.234032
519	-53.053754	-53.215388
520	-53.053754	-53.197386
521	-53.007678	-53.162770
522	-53.005578	-53.135995
523	-52.903854	-53.104842
524	-52.903854	-53.082849
525	-52.840224	-53.054414
526	-52.810962	-53.012438
527	-52.763300	-52.977806
528	-52.763300	-52.948159
529	-52.763300	-52.931128
530	-52.738732	-52.895440
531	-52.721286	-52.857941
532	-52.621646	-52.826633
533	-52.621646	-52.810516
534	-52.621646	-52.784727
535	-52.621646	-52.759459
536	-52.521954	-52.736059
537	-52.521954	-52.717394
538	-52.520297	-52.700715
539	-52.520297	-52.674969
540	-52.520297	-52.649548
541	-52.416739	-52.610601
542	-52.416739	-52.595140
543	-52.398878	-52.567503
544	-52.393966	-52.545396
545	-52.348779	-52.524370
546	-52.348779	-52.500665
547	-52.348779	-52.486220
548	-52.348779	-52.468575
549	-52.270163	-52.449097
550	-52.270163	-52.435266
551	-52.255349	-52.402820
552	-52.255349	-52.376193
553	-52.220728	-52.341519
554	-52.175000	-52.306510
555	-52.151213	-52.274357
556	-52.117073	-52.256576
557	-52.065263	-52.220342
558	-52.065263	-52.194093
559	-52.054632	-52.174221
560	-52.017414	-52.157271
561	-51.942917	-52.123280
562	-51.913234	-52.083354
563	-51.894817	-52.061126
564	-51.894817	-52.042602
565	-51.793824	-52.013802
566	-51.793824	-51.993244
567	-51.793824	-51.967240
568	-51.775717	-51.926913
569	-51.775717	-51.895802
570	-51.763006	-51.872512
571	-51.718540	-51.848924
572	-51.688089	-51.825104
573	-51.675085	-51.804336
574	-51.652124	-51.782404
575	-51.600557	-51.761030
576	-51.596525	-51.735048
577	-51.596525	-51.716849
578	-51.585094	-51.700670
579	-51.545333	-51.672606
580	-51.545333	-51.656472
581	-51.427151	-51.628167
582	-51.427151	-51.596297
583	-51.425149	-51.561963
584	-51.346139	-51.535711
585	-51.338594	-51.505890
586	-51.338594	-51.483171
587	-51.311951	-51.447155
588	-51.287921	-51.410371
589	-51.243555	-51.389838
590	-51.209060	-51.360363
591	-51.209060	-51.340311
592	-51.193936	-51.322012
593	-51.144392	-51.305345
594	-51.144392	-51.284182
595	-51.144392	-51.271583
596	-51.110391	-51.245564
597	-51.069667	-51.212726
598	-51.041172	-51.191605
599	-51.041172	-51.160002
600	-51.021528	-51.143248
601	-51.015011	-51.126865
602	-50.963672	-51.097664
603	-50.957516	-51.068168
604	-50.944019	-51.051865
605	-50.911356	-51.024744
606	-50.846978	-51.005762
607	-50.845656	-50.988808
608	-50.845656	-50.957217
609	-50.801578	-50.935851
610	-50.753479	-50.910650
611	-50.749584	-50.886188
612	-50.749584	-50.864911
613	-50.746200	-50.840707
614	-50.711372	-50.820269
615	-50.666088	-50.798551
616	-50.653206	-50.768775
617	-50.631677	-50.737489
618	-50.526418	-50.719009
619	-50.517686	-50.689767
620	-50.517686	-50.672875
621	-50.512055	-50.648881
622	-50.509867	-50.625335
623	-50.439782	-50.600384
624	-50.439782	-50.584670
625	-50.435204	-50.556142
626	-50.421126	-50.534980
627	-50.282319	-50.504193
628	-50.282319	-50.481154
629	-50.282319	-50.458585
630	-50.282319	-50.429537
631	-50.248006	-50.404472
632	-50.248006	-50.378447
633	-50.176226	-50.349790
634	-50.176226	-50.324203
635	-50.176226	-50.293669
636	-50.137438	-50.269351
637	-50.131354	-50.238812
638	-50.085537	-50.220740
639	-50.080980	-50.192924
640	-50.061179	-50.167654
641	-50.000762	-50.144593
642	-50.000762	-50.121137
643	-49.988070	-50.095786
644	-49.919448	-50.078741
645	-49.866196	-50.053969
646	-49.866196	-50.033255
647	-49.866196	-50.005472
648	-49.831463	-49.984227
649	-49.831463	-49.966264
650	-49.790156	-49.938448
651	-49.790156	-49.919912
652	-49.769141	-49.903194
653	-49.769141	-49.882276
654	-49.769141	-49.862632
655	-49.697140	-49.840824
656	-49.659087	-49.816615
657	-49.659087	-49.800021
658	-49.659087	-49.779064
659	-49.637891	-49.763903
660	-49.583672	-49.726320
661	-49.583672	-49.709403
662	-49.576844	-49.683981
663	-49.538865	-49.661441
664	-49.538865	-49.647195
665	-49.470116	-49.616733
666	-49.470116	-49.586001
667	-49.470116	-49.561873
668	-49.427992	-49.544227
669	-49.414171	-49.522689
670	-49.300069	-49.496540
671	-49.300069	-49.473521
672	-49.300069	-49.443278
673	-49.218766	-49.411663
674	-49.218766	-49.398404
675	-49.218766	-49.377875
676	-49.218766	-49.362526
677	-49.217665	-49.347139
678	-49.175609	-49.329720
679	-49.084622	-49.307890
680	-49.084622	-49.279899
681	-49.084622	-49.257388
682	-49.076815	-49.234689
683	-49.076815	-49.213198
684	-49.071567	-49.189743
685	-49.054796	-49.159998
686	-48.982773	-49.125740
687	-48.982334	-49.105065
688	-48.948458	-49.083732
689	-48.925260	-49.055998
690	-48.895735	-49.041295
691	-48.827998	-49.022983
692	-48.827998	-49.009391
693	-48.827998	-48.999144
694	-48.827998	-48.972787
695	-48.757143	-48.940643
696	-48.757143	-48.923266
697	-48.757143	-48.900341
698	-48.757143	-48.879111
699	-48.757143	-48.864706
700	-48.757143	-48.847646
701	-48.731138	-48.829403
702	-48.697765	-48.807168
703	-48.697765	-48.795024
704	-48.643405	-48.774154
705	-48.632981	-48.748311
706	-48.632981	-48.731973
707	-48.630617	-48.719607
708	-48.535086	-48.693595
709	-48.535086	-48.671547
710	-48.535086	-48.655694
711	-48.535086	-48.641727
712	-48.485542	-48.627687
713	-48.485542	-48.614597
714	-48.485542	-48.598777
715	-48.485542	-48.582599
716	-48.469021	-48.566397
717	-48.469021	-48.553308
718	-48.399985	-48.529238
719	-48.394191	-48.514629
720	-48.372377	-48.493447
721	-48.372377	-48.478066
722	-48.372377	-48.466720
723	-48.335408	-48.454408
724	-48.327258	-48.440906
725	-48.327213	-48.422228
726	-48.295706	-48.403231
727	-48.295706	-48.389949
728	-48.262380	-48.370142
729	-48.231255	-48.358918
730	-48.229254	-48.342767
731	-48.212689	-48.317305
732	-48.168589	-48.302428
733	-48.168589	-48.279512
734	-48.164028	-48.261745
735	-48.113555	-48.248025
736	-48.110129	-48.228659
737	-48.110129	-48.214189
738	-48.110129	-48.199926
739	-48.091543	-48.180055
740	-48.063120	-48.168151
741	-48.063120	-48.155439
742	-48.031184	-48.128537
743	-47.989959	-48.104768
744	-47.989959	-48.092724
745	-47.989959	-48.079012
746	-47.946979	-48.060902
747	-47.930815	-48.042441
748	-47.911334	-48.027381
749	-47.911334	-48.014747
750	-47.886551	-47.993723
751	-47.886551	-47.979968
752	-47.804933	-47.955276
753	-47.804933	-47.941148
754	-47.804933	-47.921552
755	-47.783568	-47.908957
756	-47.783568	-47.898493
757	-47.748270	-47.880988
758	-47.748270	-47.862265
759	-47.748270	-47.837628
760	-47.715551	-47.814598
761	-47.710063	-47.793357
762	-47.668750	-47.780458
763	-47.668750	-47.771117
