# GA for labeling mashup someone-that-got-away
# size = 300
# crossover rate = 0.900000
# mutation rate = 0.100000
# optimum = 0.010000
# -------------------------------------------------------------------
# GENERATION   BEST'S FITNESS   AVG FITNESS   EXP WGT AVG   TRUE DIST
1	-82.244506	-85.100263	-85.208600	0.587737
2	-82.244506	-84.631512	-84.725262	0.589428
3	-81.896101	-84.218119	-84.300798	0.592850
4	-81.847476	-83.801541	-83.884857	0.600417
5	-80.225270	-83.443957	-83.515474	0.607507
6	-80.225270	-82.869100	-82.984072	0.623732
7	-80.051409	-82.465247	-82.546018	0.648665
8	-80.051409	-82.219318	-82.268504	0.663984
9	-79.355805	-81.674158	-81.783190	0.680228
10	-78.988322	-81.201727	-81.296213	0.674214
11	-78.988322	-81.024028	-81.059568	0.669243
12	-78.988322	-80.742144	-80.798521	0.661567
13	-78.793298	-80.388560	-80.459277	0.649893
14	-78.097121	-79.887217	-79.987486	0.634902
15	-78.097121	-79.679727	-79.721225	0.628364
16	-77.330383	-79.253936	-79.339094	0.615249
17	-77.325021	-78.922381	-78.988692	0.607755
18	-77.009501	-78.634505	-78.692080	0.601381
19	-76.892130	-78.309046	-78.374138	0.592987
20	-76.305181	-77.998905	-78.060933	0.585843
21	-76.305181	-77.801001	-77.840582	0.581095
22	-76.256336	-77.570850	-77.616880	0.577317
23	-75.780269	-77.329904	-77.378094	0.571871
24	-75.780269	-77.021442	-77.083134	0.565821
25	-75.583540	-76.819052	-76.859530	0.561713
26	-74.933244	-76.463156	-76.534335	0.554502
27	-74.783437	-76.250556	-76.293076	0.551179
28	-74.783437	-75.999718	-76.049885	0.547363
29	-74.783437	-75.800876	-75.840645	0.544008
30	-74.342062	-75.553157	-75.602701	0.540455
31	-73.747520	-75.230942	-75.295385	0.535864
32	-73.747520	-75.037451	-75.076149	0.533262
33	-73.747520	-74.769300	-74.822930	0.529741
34	-73.317297	-74.633956	-74.661025	0.527943
35	-73.317297	-74.421951	-74.464352	0.525194
36	-73.150886	-74.221367	-74.261484	0.522762
37	-72.895303	-73.960167	-74.012407	0.519509
38	-72.895303	-73.858063	-73.878483	0.518346
39	-72.073152	-73.620439	-73.667964	0.515719
40	-72.073152	-73.470330	-73.500352	0.514136
41	-72.073152	-73.346522	-73.371283	0.512648
42	-72.073152	-73.131183	-73.174250	0.510185
43	-72.065854	-72.955461	-72.990606	0.508504
44	-71.597952	-72.756814	-72.796543	0.506748
45	-71.320223	-72.534149	-72.578682	0.504154
46	-71.320223	-72.406183	-72.431776	0.502907
47	-71.281016	-72.159088	-72.208507	0.500780
48	-70.793056	-71.945768	-71.988432	0.498934
49	-70.408827	-71.746375	-71.786254	0.496599
50	-70.408827	-71.598332	-71.627941	0.495613
51	-70.340918	-71.464452	-71.491228	0.494693
52	-69.955669	-71.216605	-71.266175	0.493008
53	-69.955669	-71.017161	-71.057050	0.491733
54	-69.684017	-70.814681	-70.855177	0.489917
55	-69.447375	-70.587249	-70.632736	0.487175
56	-69.447375	-70.343756	-70.392455	0.485403
57	-69.103960	-70.134618	-70.176445	0.483683
58	-68.916891	-69.938914	-69.978055	0.482126
59	-68.757324	-69.788499	-69.818582	0.480968
60	-68.757324	-69.620444	-69.654055	0.479933
61	-68.757324	-69.605028	-69.608111	0.479673
62	-68.757324	-69.452683	-69.483152	0.478290
63	-68.757324	-69.341170	-69.363472	0.477848
64	-68.431526	-69.195952	-69.224996	0.476412
65	-68.281897	-69.079186	-69.102539	0.475468
66	-68.024186	-68.911741	-68.945230	0.474094
67	-68.024186	-68.733016	-68.768761	0.472759
68	-67.897365	-68.632113	-68.652294	0.472297
69	-67.574062	-68.499932	-68.526368	0.471418
70	-67.558443	-68.375338	-68.400257	0.470387
71	-67.558443	-68.282739	-68.301259	0.469553
72	-67.264456	-68.138030	-68.166972	0.468663
73	-67.264456	-67.917545	-67.961642	0.467642
74	-67.239666	-67.748470	-67.782285	0.467244
75	-66.844285	-67.641786	-67.663123	0.466206
76	-66.786866	-67.502167	-67.530091	0.464740
77	-66.662191	-67.364924	-67.392373	0.463604
78	-66.478224	-67.236734	-67.262372	0.462747
79	-66.384603	-67.109440	-67.134899	0.461545
80	-66.180838	-66.964425	-66.993428	0.460399
81	-66.037932	-66.864309	-66.884333	0.459574
82	-65.775765	-66.738583	-66.763728	0.458471
83	-65.775765	-66.633608	-66.654603	0.457528
84	-65.775765	-66.544526	-66.562342	0.455990
85	-65.664984	-66.435512	-66.457315	0.455244
86	-65.244084	-66.256686	-66.292451	0.454182
87	-65.224078	-66.130134	-66.155444	0.453140
88	-65.178354	-65.984275	-66.013447	0.451664
89	-65.178354	-65.891443	-65.910009	0.451213
90	-64.985865	-65.797899	-65.816608	0.450580
91	-64.934891	-65.680039	-65.703611	0.449839
92	-64.773041	-65.523131	-65.554513	0.448638
93	-64.773041	-65.441199	-65.457586	0.447981
94	-64.726106	-65.360229	-65.376423	0.447570
95	-64.279311	-65.272599	-65.290125	0.447124
96	-64.279311	-65.180778	-65.199142	0.446561
97	-64.279311	-65.066994	-65.089751	0.445948
98	-64.262044	-64.961378	-64.982501	0.444387
99	-63.852481	-64.817230	-64.846060	0.443661
100	-63.852481	-64.729054	-64.746689	0.443303
101	-63.720179	-64.613691	-64.636764	0.442561
102	-63.720179	-64.522704	-64.540902	0.441222
103	-63.720179	-64.447354	-64.462424	0.440344
104	-63.639557	-64.328363	-64.352161	0.439304
105	-63.587292	-64.240303	-64.257915	0.438381
106	-63.498121	-64.095698	-64.124619	0.437886
107	-62.991801	-63.930243	-63.963334	0.435885
108	-62.991801	-63.790615	-63.818541	0.434731
109	-62.980552	-63.643333	-63.672789	0.434105
110	-62.726757	-63.539361	-63.560155	0.434135
111	-62.683357	-63.425500	-63.448272	0.433272
112	-62.683357	-63.335494	-63.353495	0.432200
113	-62.509476	-63.241641	-63.260411	0.431837
114	-62.509476	-63.103147	-63.130845	0.431083
115	-62.259032	-62.973468	-62.999404	0.430077
116	-62.259032	-62.872569	-62.892749	0.429081
117	-61.810251	-62.726110	-62.755402	0.427861
118	-61.810251	-62.567368	-62.599117	0.426676
119	-61.810251	-62.460696	-62.482031	0.425643
120	-61.700796	-62.376884	-62.393646	0.423816
121	-61.700796	-62.285671	-62.303914	0.422966
122	-61.687261	-62.164830	-62.188998	0.421666
123	-61.226713	-62.066404	-62.086089	0.420684
124	-61.226713	-61.953075	-61.975741	0.419391
125	-61.226713	-61.832398	-61.856533	0.418863
126	-61.135119	-61.754855	-61.770363	0.418222
127	-60.718667	-61.611444	-61.640126	0.417535
128	-60.718667	-61.487259	-61.512096	0.417097
129	-60.690024	-61.350636	-61.377960	0.416135
130	-60.690024	-61.217882	-61.244433	0.414863
131	-60.359548	-61.135930	-61.152320	0.414634
132	-60.359548	-61.034901	-61.055107	0.414465
133	-60.359548	-60.984680	-60.994724	0.413598
134	-60.359548	-60.872975	-60.895316	0.412949
135	-60.064977	-60.740990	-60.767387	0.411782
136	-60.064977	-60.669991	-60.684191	0.411158
137	-59.897168	-60.569114	-60.589290	0.410687
138	-59.897168	-60.492482	-60.507809	0.410151
139	-59.897168	-60.435527	-60.446918	0.409912
140	-59.833348	-60.307218	-60.332880	0.409328
141	-59.506614	-60.214498	-60.233042	0.408586
142	-59.506614	-60.132159	-60.148627	0.408073
143	-59.239614	-60.010088	-60.034502	0.406918
144	-59.239614	-59.921001	-59.938818	0.406456
145	-59.239614	-59.824711	-59.843969	0.405796
146	-59.078792	-59.702495	-59.726939	0.404709
147	-58.798524	-59.594906	-59.616424	0.404024
148	-58.798524	-59.464249	-59.490381	0.403113
149	-58.798524	-59.361427	-59.381991	0.402261
150	-58.697241	-59.248022	-59.270703	0.401449
151	-58.612827	-59.120453	-59.145967	0.400633
152	-58.612827	-59.040942	-59.056844	0.399891
153	-58.465849	-58.904056	-58.931433	0.398602
154	-58.348429	-58.779600	-58.804491	0.397448
155	-58.180321	-58.710778	-58.724542	0.396827
156	-58.135788	-58.608453	-58.628918	0.395878
157	-58.125915	-58.535546	-58.550128	0.395241
158	-57.893059	-58.440518	-58.459524	0.395168
159	-57.893059	-58.345708	-58.364670	0.393671
160	-57.583305	-58.219976	-58.245122	0.392616
161	-57.583305	-58.135304	-58.152238	0.391420
162	-57.538838	-58.060165	-58.075193	0.390676
163	-57.477125	-57.996124	-58.008932	0.389729
164	-57.276161	-57.868428	-57.893967	0.388155
165	-57.241379	-57.787716	-57.803859	0.387130
166	-57.241379	-57.725833	-57.738209	0.386515
167	-57.128383	-57.643592	-57.660040	0.385266
168	-57.128383	-57.549498	-57.568317	0.384500
169	-56.724785	-57.416785	-57.443327	0.382772
170	-56.631802	-57.276851	-57.304838	0.381182
171	-56.631802	-57.189622	-57.207068	0.380046
172	-56.629048	-57.124017	-57.137138	0.379426
173	-56.501765	-57.005326	-57.029064	0.378188
174	-56.501765	-56.922766	-56.939278	0.377166
175	-56.238785	-56.794356	-56.820038	0.375322
176	-56.145546	-56.679213	-56.702241	0.374601
177	-55.959055	-56.553639	-56.578753	0.373599
178	-55.959055	-56.433749	-56.457727	0.372493
179	-55.825022	-56.330341	-56.351023	0.370995
180	-55.523792	-56.202555	-56.228112	0.369415
181	-55.523792	-56.109915	-56.128443	0.368577
182	-55.523792	-56.055589	-56.066454	0.367919
183	-55.515749	-55.979044	-55.994353	0.367330
184	-55.505117	-55.924012	-55.935018	0.366781
185	-55.505117	-55.868991	-55.879995	0.366043
186	-54.965828	-55.788797	-55.804836	0.365026
187	-54.965828	-55.730114	-55.741851	0.364988
188	-54.965828	-55.634056	-55.653268	0.364392
189	-54.965828	-55.531524	-55.552030	0.362791
190	-54.965828	-55.463723	-55.477283	0.362076
191	-54.965828	-55.378988	-55.395935	0.362133
192	-54.891357	-55.296746	-55.313195	0.361202
193	-54.701033	-55.240586	-55.251818	0.360689
194	-54.644548	-55.125508	-55.148523	0.359621
195	-54.545972	-55.022290	-55.042934	0.359281
196	-54.454230	-54.952199	-54.966217	0.358550
197	-54.454230	-54.878655	-54.893364	0.357883
198	-54.351347	-54.782072	-54.801388	0.357252
199	-54.306864	-54.725386	-54.736723	0.356745
200	-54.256670	-54.667699	-54.679237	0.356682
201	-54.200686	-54.577290	-54.595372	0.356192
202	-54.095180	-54.510727	-54.524040	0.355694
203	-53.730265	-54.448060	-54.460594	0.354942
204	-53.645317	-54.338636	-54.360521	0.353887
205	-53.645317	-54.286636	-54.297036	0.353262
206	-53.645317	-54.208265	-54.223939	0.352331
207	-53.645317	-54.142970	-54.156029	0.351350
208	-53.561162	-54.075448	-54.088952	0.350891
209	-53.295428	-53.951194	-53.976045	0.349086
210	-53.295428	-53.877922	-53.892577	0.348412
211	-53.295428	-53.813120	-53.826080	0.347385
212	-53.295428	-53.756204	-53.767587	0.346847
213	-53.063625	-53.639884	-53.663148	0.344765
214	-53.063625	-53.559345	-53.575453	0.343627
215	-53.001346	-53.455849	-53.476548	0.343221
216	-53.001346	-53.395598	-53.407648	0.342395
217	-52.860890	-53.342691	-53.353273	0.341462
218	-52.737569	-53.285142	-53.296652	0.340867
219	-52.737569	-53.219123	-53.232327	0.340038
220	-52.567795	-53.169962	-53.179794	0.339961
221	-52.567795	-53.084069	-53.101248	0.339316
222	-52.567795	-53.044202	-53.052176	0.338729
223	-52.502145	-52.953239	-52.971431	0.338065
224	-52.502145	-52.910899	-52.919367	0.338024
225	-52.305927	-52.822920	-52.840516	0.337086
226	-52.305927	-52.716318	-52.737639	0.336035
227	-52.268941	-52.617031	-52.636888	0.335596
228	-51.952369	-52.522144	-52.541121	0.334818
229	-51.952369	-52.421644	-52.441744	0.333665
230	-51.842170	-52.331003	-52.349131	0.332727
231	-51.842170	-52.238689	-52.257152	0.332130
232	-51.646396	-52.126816	-52.149191	0.331186
233	-51.576219	-52.032150	-52.051083	0.330718
234	-51.473131	-51.944675	-51.962170	0.330079
235	-51.428957	-51.849706	-51.868700	0.329198
236	-51.382409	-51.762989	-51.780333	0.329022
237	-51.315015	-51.678816	-51.695651	0.327780
238	-51.305448	-51.634458	-51.643330	0.327311
239	-51.163257	-51.549410	-51.566420	0.326504
240	-51.053166	-51.477501	-51.491883	0.325532
241	-50.967700	-51.385565	-51.403952	0.324282
242	-50.967700	-51.327685	-51.339261	0.323498
243	-50.693892	-51.251283	-51.266564	0.322453
244	-50.693892	-51.179555	-51.193901	0.321828
245	-50.693892	-51.137818	-51.146165	0.321581
246	-50.693892	-51.101416	-51.108696	0.320970
247	-50.693892	-51.014676	-51.032024	0.320151
248	-50.480284	-50.945825	-50.959595	0.319164
249	-50.480284	-50.892668	-50.903299	0.318808
250	-50.480284	-50.846571	-50.855791	0.318170
251	-50.257123	-50.762684	-50.779461	0.317618
252	-50.257123	-50.712393	-50.722451	0.316876
253	-50.257123	-50.674442	-50.682032	0.316749
254	-50.257123	-50.640413	-50.647219	0.316290
255	-50.257123	-50.570851	-50.584763	0.315008
256	-50.220628	-50.523419	-50.532905	0.313950
257	-50.182876	-50.463702	-50.475645	0.313934
258	-50.059142	-50.399833	-50.412607	0.313072
259	-50.059142	-50.355413	-50.364297	0.313028
260	-50.007823	-50.306127	-50.315984	0.312554
261	-50.007823	-50.266423	-50.274363	0.312291
262	-49.960709	-50.209815	-50.221137	0.311493
263	-49.856040	-50.163706	-50.172928	0.311117
264	-49.788460	-50.102782	-50.114967	0.310500
265	-49.743589	-50.043320	-50.055213	0.309968
266	-49.696015	-49.998657	-50.007590	0.309883
267	-49.577427	-49.919870	-49.935627	0.309326
268	-49.538811	-49.853051	-49.866415	0.308632
269	-49.538811	-49.805228	-49.814793	0.308048
270	-49.463472	-49.743845	-49.756121	0.307216
271	-49.345746	-49.694344	-49.704244	0.306345
272	-49.334940	-49.638315	-49.649521	0.305612
273	-49.334940	-49.574362	-49.587152	0.304205
274	-49.104515	-49.520996	-49.531669	0.303410
275	-49.104515	-49.478999	-49.487398	0.302517
276	-49.104515	-49.406722	-49.421177	0.301422
277	-49.072457	-49.351114	-49.362236	0.301078
278	-48.925777	-49.264282	-49.281648	0.299048
279	-48.925777	-49.224752	-49.232658	0.298457
280	-48.925777	-49.184186	-49.192299	0.297902
281	-48.834489	-49.113447	-49.127595	0.296519
282	-48.798373	-49.062550	-49.072729	0.295949
283	-48.736971	-48.998452	-49.011272	0.295060
284	-48.696896	-48.949023	-48.958909	0.294165
285	-48.696896	-48.909464	-48.917376	0.293703
286	-48.544835	-48.838073	-48.852351	0.292735
287	-48.364131	-48.767665	-48.781747	0.292177
288	-48.364131	-48.718994	-48.728728	0.291744
289	-48.358685	-48.663376	-48.674500	0.290733
290	-48.358685	-48.627813	-48.634925	0.290009
291	-48.358685	-48.575447	-48.585920	0.289493
292	-48.105491	-48.499923	-48.515027	0.287954
293	-48.105491	-48.457851	-48.466265	0.287203
294	-48.105491	-48.404357	-48.415056	0.286716
295	-48.105491	-48.356626	-48.366172	0.285875
296	-48.055154	-48.302116	-48.313018	0.284875
297	-48.023639	-48.256276	-48.265444	0.284132
298	-48.023639	-48.213588	-48.222125	0.283346
299	-47.780886	-48.143810	-48.157766	0.282578
300	-47.780886	-48.083886	-48.095871	0.281696
301	-47.780886	-48.029252	-48.040179	0.281073
302	-47.780886	-47.994437	-48.001400	0.280410
303	-47.492241	-47.926527	-47.940109	0.279324
304	-47.492241	-47.882632	-47.891411	0.278559
305	-47.492241	-47.828587	-47.839396	0.277872
306	-47.492241	-47.778605	-47.788601	0.276920
307	-47.447564	-47.718324	-47.730380	0.276236
308	-47.387407	-47.676156	-47.684590	0.275812
309	-47.387407	-47.635261	-47.643440	0.275315
310	-47.297919	-47.570271	-47.583269	0.274188
311	-47.250366	-47.501077	-47.514916	0.273274
312	-47.185669	-47.451625	-47.461515	0.271948
313	-47.166964	-47.414954	-47.422288	0.271405
314	-47.029670	-47.368228	-47.377573	0.270719
315	-47.029670	-47.301873	-47.315144	0.269596
316	-47.029670	-47.252015	-47.261987	0.268748
317	-46.867549	-47.197350	-47.208283	0.268434
318	-46.867549	-47.159477	-47.167051	0.267800
319	-46.867549	-47.133560	-47.138744	0.267510
320	-46.867549	-47.105861	-47.111401	0.267322
321	-46.841041	-47.047021	-47.058789	0.266380
322	-46.798899	-47.009396	-47.016921	0.265605
323	-46.791521	-46.974155	-46.981203	0.265119
324	-46.718162	-46.947880	-46.953135	0.264632
325	-46.612738	-46.909060	-46.916824	0.264202
326	-46.599877	-46.863095	-46.872288	0.263557
327	-46.550566	-46.820665	-46.829151	0.263004
328	-46.463870	-46.782833	-46.790400	0.262658
329	-46.439181	-46.748529	-46.755390	0.262240
330	-46.439181	-46.704234	-46.713093	0.261713
331	-46.383768	-46.665894	-46.673562	0.260869
332	-46.328558	-46.624972	-46.633156	0.260514
333	-46.292671	-46.562889	-46.575306	0.259735
334	-46.264687	-46.526018	-46.533392	0.259002
335	-46.264687	-46.487243	-46.494998	0.258310
336	-46.161759	-46.448883	-46.456555	0.257613
337	-46.061103	-46.418418	-46.424511	0.257069
338	-46.061103	-46.376334	-46.384751	0.256539
339	-46.022082	-46.314577	-46.326928	0.255179
340	-45.981808	-46.256501	-46.268116	0.254496
341	-45.981808	-46.213562	-46.222150	0.253903
342	-45.912009	-46.149623	-46.162411	0.252596
343	-45.884873	-46.101027	-46.110746	0.251848
344	-45.724322	-46.060880	-46.068909	0.251502
345	-45.724322	-46.010355	-46.020460	0.251094
346	-45.664361	-45.946206	-45.959036	0.250516
347	-45.587656	-45.894127	-45.904543	0.249773
348	-45.569504	-45.855723	-45.863404	0.249144
349	-45.569504	-45.818240	-45.825737	0.248636
350	-45.568844	-45.785276	-45.791869	0.248650
351	-45.420886	-45.737025	-45.746676	0.248286
352	-45.418153	-45.699707	-45.707171	0.247785
353	-45.400283	-45.665469	-45.672317	0.247383
354	-45.385892	-45.634003	-45.640296	0.247072
355	-45.316845	-45.587575	-45.596861	0.246782
356	-45.316845	-45.535630	-45.546019	0.246001
357	-45.207063	-45.486646	-45.496443	0.245247
358	-45.207063	-45.450366	-45.457622	0.244664
359	-45.111588	-45.386083	-45.398940	0.243233
360	-44.958980	-45.343377	-45.351918	0.242396
361	-44.958980	-45.296862	-45.306165	0.241345
362	-44.958980	-45.264442	-45.270926	0.240861
363	-44.958980	-45.230073	-45.236947	0.240126
364	-44.958980	-45.177784	-45.188242	0.239575
365	-44.894953	-45.126742	-45.136950	0.238849
366	-44.785635	-45.065080	-45.077412	0.237632
367	-44.785635	-45.020760	-45.029624	0.237017
368	-44.768442	-44.990572	-44.996609	0.236691
369	-44.768442	-44.959272	-44.965532	0.236200
370	-44.686975	-44.901746	-44.913251	0.235674
371	-44.565638	-44.849807	-44.860195	0.235265
372	-44.565638	-44.821940	-44.827513	0.234286
373	-44.476410	-44.777207	-44.786154	0.233638
374	-44.476410	-44.746972	-44.753019	0.233222
375	-44.459745	-44.699703	-44.709157	0.233162
376	-44.442961	-44.659423	-44.667479	0.232048
377	-44.330555	-44.627036	-44.633514	0.231569
378	-44.286353	-44.571743	-44.582801	0.230706
379	-44.286353	-44.545053	-44.550391	0.230356
380	-44.286353	-44.507021	-44.514628	0.229773
381	-44.177387	-44.471630	-44.478709	0.229166
382	-44.143086	-44.412658	-44.424452	0.228718
383	-44.089209	-44.346756	-44.359936	0.228588
384	-44.089209	-44.297697	-44.307509	0.228136
385	-44.041996	-44.254147	-44.262857	0.227252
386	-43.952514	-44.206225	-44.215810	0.226593
387	-43.934648	-44.166714	-44.174616	0.226577
388	-43.928485	-44.138944	-44.144498	0.226055
389	-43.865885	-44.101067	-44.108642	0.225252
390	-43.856007	-44.070032	-44.076239	0.224517
391	-43.750119	-44.021491	-44.031199	0.223874
392	-43.707154	-43.982753	-43.990501	0.223366
393	-43.707154	-43.936568	-43.945805	0.223202
394	-43.686522	-43.902575	-43.909373	0.222728
395	-43.686522	-43.882138	-43.886225	0.222577
396	-43.546730	-43.839179	-43.847771	0.221797
397	-43.546730	-43.804254	-43.811239	0.221028
398	-43.546730	-43.773020	-43.779267	0.220613
399	-43.546730	-43.724959	-43.734571	0.219897
400	-43.495889	-43.694499	-43.700591	0.219139
401	-43.477859	-43.648302	-43.657542	0.218172
402	-43.397819	-43.610387	-43.617970	0.217254
403	-43.293415	-43.559485	-43.569666	0.215934
404	-43.293415	-43.520345	-43.528173	0.215255
405	-43.265967	-43.468138	-43.478579	0.214346
406	-43.158943	-43.411151	-43.422548	0.213601
407	-43.158943	-43.371919	-43.379765	0.212767
408	-43.106211	-43.317352	-43.328266	0.212070
409	-42.999560	-43.278661	-43.286399	0.211622
410	-42.999560	-43.257515	-43.261744	0.211390
411	-42.999560	-43.218058	-43.225949	0.210267
412	-42.967238	-43.185018	-43.191626	0.210180
413	-42.967238	-43.159738	-43.164794	0.209644
414	-42.829767	-43.110254	-43.120151	0.208620
415	-42.790486	-43.057287	-43.067881	0.208120
416	-42.790486	-43.027041	-43.033090	0.207559
417	-42.751364	-42.977716	-42.987581	0.207168
418	-42.708765	-42.946860	-42.953031	0.206319
419	-42.708765	-42.910130	-42.917476	0.205420
420	-42.685756	-42.868062	-42.876475	0.204855
421	-42.598963	-42.833944	-42.840768	0.204128
422	-42.567072	-42.795663	-42.803319	0.203106
423	-42.536382	-42.746142	-42.756046	0.201600
424	-42.429317	-42.708701	-42.716189	0.200864
425	-42.429317	-42.676336	-42.682809	0.199932
426	-42.343028	-42.637064	-42.644918	0.199082
427	-42.343028	-42.611314	-42.616464	0.198217
428	-42.295621	-42.555732	-42.566848	0.196546
429	-42.295621	-42.521127	-42.528048	0.196195
430	-42.288093	-42.497607	-42.502311	0.195570
431	-42.189924	-42.447825	-42.457781	0.194304
432	-42.081762	-42.388023	-42.399983	0.192454
433	-42.081762	-42.351654	-42.358928	0.192087
434	-42.041788	-42.303131	-42.312836	0.191179
435	-42.041788	-42.273386	-42.279335	0.190250
436	-42.039350	-42.236768	-42.244091	0.189432
437	-42.001522	-42.208670	-42.214289	0.188862
438	-41.931833	-42.156914	-42.167265	0.187297
439	-41.924747	-42.115852	-42.124064	0.186504
440	-41.835708	-42.083638	-42.090081	0.185951
441	-41.788275	-42.037144	-42.046442	0.184363
442	-41.788275	-42.008668	-42.014363	0.183622
443	-41.788275	-41.958567	-41.968587	0.182999
444	-41.637676	-41.925417	-41.932047	0.181873
445	-41.615627	-41.889231	-41.896468	0.181276
446	-41.615627	-41.867802	-41.872088	0.181075
447	-41.615627	-41.841149	-41.846479	0.180137
448	-41.615627	-41.834592	-41.835903	0.180167
