# GA for labeling mashup someone-that-got-away
# size = 300
# max generations = 100
# crossover rate = 0.900000
# mutation rate = 0.100000
# optimum = 0.010000
# -----------------------------------------
# GENERATION   BEST'S FITNESS   AVG FITNESS
1	-82.699126	-85.092697
2	-81.718905	-84.425681
3	-81.547834	-84.093896
4	-81.547834	-83.530431
5	-80.804126	-83.096851
6	-80.276628	-82.497835
7	-80.156256	-82.184031
8	-79.787775	-81.816790
9	-79.363424	-81.448749
10	-78.770762	-81.009127
11	-78.770762	-80.607042
12	-78.082890	-80.251084
13	-78.082890	-79.912458
14	-77.770554	-79.634054
15	-77.637526	-79.375423
16	-77.563142	-79.004929
17	-77.157892	-78.687753
18	-76.815886	-78.282078
19	-76.566112	-77.926720
20	-76.291150	-77.713459
21	-75.973303	-77.361487
22	-74.990183	-76.935889
23	-74.990183	-76.658339
24	-74.990183	-76.476598
25	-74.990183	-76.307944
26	-74.659973	-75.975144
27	-73.701711	-75.764566
28	-73.701711	-75.565952
29	-73.701711	-75.203551
30	-73.638082	-74.881947
31	-73.048304	-74.613585
32	-73.048304	-74.452954
33	-72.632238	-74.177507
34	-72.632238	-73.898043
35	-72.632238	-73.679112
36	-72.483509	-73.421714
37	-72.058291	-73.105713
38	-72.058291	-72.962789
39	-71.717266	-72.725260
40	-71.634244	-72.581469
41	-71.514023	-72.361469
42	-71.427069	-72.203423
43	-70.619988	-71.976062
44	-70.619988	-71.824173
45	-70.491626	-71.578153
46	-70.491626	-71.436164
47	-70.070992	-71.238283
48	-69.896925	-71.034633
49	-69.742865	-70.826378
50	-69.742865	-70.709002
51	-69.742865	-70.532977
52	-69.601057	-70.417012
53	-69.162014	-70.234712
54	-69.115189	-70.086791
55	-68.786342	-69.824414
56	-68.416220	-69.556742
57	-68.416220	-69.448532
58	-68.221599	-69.201755
59	-67.361565	-68.984805
60	-67.361565	-68.885668
61	-67.361565	-68.777035
62	-67.361565	-68.567167
63	-67.361565	-68.416436
64	-67.214742	-68.189339
65	-67.214742	-67.986563
66	-67.181032	-67.882183
67	-66.879519	-67.733889
68	-66.879519	-67.623116
69	-66.681385	-67.526450
70	-66.599778	-67.397999
71	-66.223025	-67.237926
72	-66.049891	-67.053735
73	-66.049891	-66.906592
74	-66.049891	-66.823293
75	-65.921516	-66.623266
76	-65.408364	-66.474904
77	-65.226692	-66.289332
78	-65.015977	-66.144939
79	-65.015977	-65.991857
80	-64.699047	-65.813867
81	-64.699047	-65.707504
82	-64.573167	-65.547656
83	-64.573167	-65.396398
84	-64.481862	-65.204380
85	-64.302458	-64.993202
86	-64.113598	-64.777142
87	-63.860337	-64.605687
88	-63.476934	-64.430892
89	-63.476934	-64.297593
90	-63.439390	-64.160051
91	-63.236693	-63.994836
92	-63.004833	-63.860691
93	-62.701101	-63.733518
94	-62.701101	-63.574115
95	-62.701101	-63.455680
96	-62.509884	-63.319620
97	-62.193428	-63.235695
98	-62.193428	-63.117375
99	-62.193428	-62.972465
100	-61.995229	-62.855273
101	-61.780926	-62.688251
102	-61.780926	-62.547963
103	-61.780926	-62.371554
104	-61.525465	-62.242698
105	-61.345017	-62.146866
106	-61.345017	-62.059990
107	-60.974791	-61.909072
108	-60.974791	-61.819168
109	-60.974791	-61.649459
110	-60.696589	-61.550752
111	-60.649037	-61.439342
112	-60.649037	-61.302140
113	-60.412732	-61.210685
114	-60.412732	-61.095339
115	-60.412732	-61.021857
116	-60.134309	-60.912334
117	-60.134309	-60.838251
118	-59.343220	-60.656911
119	-59.343220	-60.532996
120	-59.343220	-60.429868
121	-59.343220	-60.332400
122	-59.343220	-60.228106
123	-59.343220	-60.176888
124	-59.343220	-60.096617
125	-59.343220	-60.009718
126	-59.343220	-59.929974
127	-59.282220	-59.802752
128	-59.096055	-59.712848
129	-59.096055	-59.640656
130	-58.703649	-59.511135
131	-58.544938	-59.429852
132	-58.544938	-59.352390
133	-58.544938	-59.286617
134	-58.544938	-59.209826
135	-58.544938	-59.125488
136	-58.544938	-59.002330
137	-58.334053	-58.888178
138	-58.030624	-58.747275
139	-58.030624	-58.673555
140	-57.899121	-58.538856
141	-57.899121	-58.471350
142	-57.811210	-58.330027
143	-57.601008	-58.171867
144	-57.601008	-58.096538
145	-57.601008	-58.029053
146	-57.601008	-57.946937
147	-57.524469	-57.887028
148	-56.935532	-57.791636
149	-56.935532	-57.677461
150	-56.781760	-57.554933
151	-56.781760	-57.459093
152	-56.566524	-57.329972
153	-56.566524	-57.274023
154	-56.566524	-57.177263
155	-56.336478	-57.039213
156	-56.336478	-56.950698
157	-56.336478	-56.892349
158	-56.203225	-56.821097
159	-56.071247	-56.716394
160	-56.071247	-56.639348
161	-56.046778	-56.546345
162	-55.832521	-56.439427
163	-55.832521	-56.330609
164	-55.832521	-56.233350
165	-55.693904	-56.144219
166	-55.675158	-56.071298
167	-55.323865	-55.954672
168	-55.323865	-55.896536
169	-55.294304	-55.827468
170	-55.147700	-55.724372
171	-55.089851	-55.621605
172	-55.089851	-55.542904
173	-55.089851	-55.473047
174	-54.759007	-55.357026
175	-54.729661	-55.282705
176	-54.729661	-55.200001
177	-54.729661	-55.138082
178	-54.624606	-55.044813
179	-54.388199	-54.939339
180	-54.388199	-54.876684
181	-54.388199	-54.832327
182	-54.341270	-54.746590
183	-54.208552	-54.662763
184	-54.102006	-54.592291
185	-54.102006	-54.531799
186	-53.978552	-54.433095
187	-53.927535	-54.357326
188	-53.900666	-54.310331
189	-53.787332	-54.228404
190	-53.597926	-54.153189
191	-53.597926	-54.073989
192	-53.597926	-54.010297
193	-53.597926	-53.946531
194	-53.135236	-53.896353
195	-53.135236	-53.827629
196	-53.135236	-53.742139
197	-53.135236	-53.696111
198	-52.984591	-53.605220
199	-52.984591	-53.552232
200	-52.984591	-53.481412
201	-52.976332	-53.415785
202	-52.944003	-53.327900
203	-52.838812	-53.273076
204	-52.819281	-53.222562
205	-52.819281	-53.181456
206	-52.819281	-53.118366
207	-52.545332	-53.063609
208	-52.506565	-52.986084
209	-52.506565	-52.945243
210	-52.506565	-52.899325
211	-52.240577	-52.835796
212	-52.240577	-52.748074
213	-52.240577	-52.650798
214	-52.104220	-52.553336
215	-51.972449	-52.507112
216	-51.972449	-52.432340
217	-51.972449	-52.375399
218	-51.966122	-52.318840
219	-51.966122	-52.281397
220	-51.715572	-52.219244
221	-51.664578	-52.115208
222	-51.499511	-52.019329
223	-51.499511	-51.954055
224	-51.352474	-51.849171
225	-51.352474	-51.743583
226	-51.267623	-51.675058
227	-51.209201	-51.580175
228	-51.057149	-51.516478
229	-51.028395	-51.435660
230	-51.028395	-51.357447
231	-50.990434	-51.293952
232	-50.826631	-51.202692
233	-50.788326	-51.133791
234	-50.788326	-51.095128
235	-50.691000	-51.017917
236	-50.691000	-50.969527
237	-50.601363	-50.916016
238	-50.601363	-50.876083
239	-50.466053	-50.802652
240	-50.466053	-50.727325
241	-50.305778	-50.657630
242	-50.260130	-50.590748
243	-50.044728	-50.510076
244	-50.044728	-50.464478
245	-50.044728	-50.404984
246	-50.044728	-50.369786
247	-49.956313	-50.321957
248	-49.743501	-50.256410
249	-49.743501	-50.197518
250	-49.743501	-50.151319
251	-49.743501	-50.107701
252	-49.615428	-50.040412
253	-49.615428	-49.990947
254	-49.615428	-49.933402
255	-49.530648	-49.860562
256	-49.296753	-49.791589
257	-49.296753	-49.737596
258	-49.296753	-49.697154
259	-49.240247	-49.645733
260	-49.190118	-49.597957
261	-49.116916	-49.548058
262	-49.116916	-49.519109
263	-49.103432	-49.438709
264	-49.062880	-49.384637
265	-48.836786	-49.312823
266	-48.836786	-49.252332
267	-48.753942	-49.197393
268	-48.753942	-49.120741
269	-48.717670	-49.071198
270	-48.564383	-48.987217
271	-48.547673	-48.906349
272	-48.508395	-48.836579
273	-48.386386	-48.761612
274	-48.298636	-48.678066
275	-48.225052	-48.610244
276	-48.225052	-48.568380
277	-48.225052	-48.526322
278	-48.225052	-48.465713
279	-48.062398	-48.418994
280	-47.966100	-48.349343
281	-47.966100	-48.270869
282	-47.966100	-48.223561
283	-47.862756	-48.181088
284	-47.830676	-48.116544
285	-47.686035	-48.046024
286	-47.686035	-47.980387
287	-47.525958	-47.910164
288	-47.525958	-47.856263
289	-47.514983	-47.784917
290	-47.320917	-47.713804
291	-47.302227	-47.648054
292	-47.249068	-47.606882
293	-47.164628	-47.534983
294	-47.164628	-47.491749
295	-46.998055	-47.449889
296	-46.998055	-47.381730
297	-46.998055	-47.340896
298	-46.977753	-47.273161
299	-46.939980	-47.215379
300	-46.939980	-47.181890
301	-46.818501	-47.119529
302	-46.721557	-47.047084
303	-46.682983	-46.986945
304	-46.682983	-46.947765
305	-46.600108	-46.894899
306	-46.485517	-46.843022
307	-46.485517	-46.812234
308	-46.485517	-46.769116
309	-46.485517	-46.737899
310	-46.485517	-46.699013
311	-46.395059	-46.648015
312	-46.232350	-46.578826
313	-46.232350	-46.539862
314	-46.211275	-46.498166
315	-46.211275	-46.467344
