# GA for labeling mashup sexy-style
# size = 300
# crossover rate = 0.900000
# mutation rate = 0.100000
# optimum = 0.010000
# -------------------------------------------------------------------
# GENERATION   BEST'S FITNESS   AVG FITNESS   EXP WGT AVG   TRUE DIST
1	-84.644911	-87.499978	-87.607394	0.505082
2	-82.445472	-86.573914	-86.759127	0.513050
3	-81.737517	-85.495305	-85.711027	0.522634
4	-80.879745	-84.506654	-84.704384	0.529857
5	-79.088514	-83.396464	-83.618502	0.538658
6	-79.088514	-82.982943	-83.065647	0.542629
7	-79.088514	-82.224274	-82.376008	0.548248
8	-77.106564	-81.626272	-81.745872	0.554269
9	-77.106564	-80.857263	-81.011065	0.561621
10	-76.123653	-79.907347	-80.097330	0.570917
11	-76.123653	-79.336776	-79.450890	0.573321
12	-75.175317	-78.811800	-78.916795	0.576788
13	-72.996178	-78.150384	-78.282667	0.584303
14	-72.996178	-77.593317	-77.704730	0.586913
15	-72.831971	-76.742035	-76.912291	0.594101
16	-71.818071	-76.147370	-76.266303	0.602599
17	-70.808284	-75.249788	-75.429304	0.610449
18	-70.808284	-74.672385	-74.787866	0.615581
19	-69.051529	-73.672299	-73.872316	0.624917
20	-69.051529	-73.258994	-73.341655	0.626609
21	-69.051529	-72.828964	-72.914970	0.630773
22	-69.051529	-71.984479	-72.153376	0.636322
23	-67.812761	-71.388412	-71.507625	0.646127
24	-67.812761	-70.895243	-70.993876	0.651975
25	-66.810379	-70.136360	-70.288137	0.661420
26	-66.810379	-69.792086	-69.860941	0.665154
27	-66.803677	-69.374728	-69.458199	0.670104
28	-65.303884	-68.724590	-68.854618	0.677504
29	-64.560086	-68.034475	-68.172498	0.685044
30	-64.127219	-67.641215	-67.719867	0.688803
31	-64.127219	-67.232809	-67.314490	0.690580
32	-64.127219	-66.625181	-66.746707	0.692692
33	-64.038429	-66.110096	-66.213113	0.692640
34	-63.983632	-65.815850	-65.874699	0.690918
35	-63.121304	-65.371457	-65.460335	0.688390
36	-63.121304	-65.067844	-65.128566	0.682836
37	-63.121304	-64.767708	-64.827735	0.678269
38	-62.862963	-64.466468	-64.526716	0.673181
39	-62.228520	-64.074683	-64.153040	0.666914
40	-62.228520	-63.887425	-63.924876	0.662618
41	-62.024303	-63.501636	-63.578794	0.654203
42	-61.253032	-63.103419	-63.183063	0.649316
43	-61.253032	-62.811787	-62.870113	0.644322
44	-60.628194	-62.482241	-62.548150	0.637698
45	-60.443677	-62.175130	-62.236552	0.633189
46	-60.443677	-61.945499	-61.991425	0.628786
47	-60.149030	-61.770610	-61.805588	0.625673
48	-60.149030	-61.517074	-61.567781	0.621815
49	-59.970829	-61.298747	-61.342412	0.618155
50	-59.006169	-61.018540	-61.074581	0.613842
51	-59.006169	-60.763440	-60.814460	0.609566
52	-59.006169	-60.542062	-60.586337	0.605700
53	-59.006169	-60.367376	-60.402313	0.602987
54	-59.006169	-60.164037	-60.204705	0.600234
55	-59.006169	-60.011387	-60.041917	0.598266
56	-58.799644	-59.835475	-59.870657	0.595866
57	-58.799644	-59.685098	-59.715173	0.592755
58	-58.414795	-59.547244	-59.574815	0.591518
59	-58.065302	-59.265935	-59.322197	0.587442
60	-58.017163	-58.970860	-59.029875	0.583007
61	-57.569860	-58.754097	-58.797450	0.580782
62	-57.377471	-58.489375	-58.542319	0.577187
63	-57.248850	-58.294550	-58.333515	0.573973
64	-56.787006	-58.106611	-58.144198	0.571130
65	-56.787006	-57.890100	-57.933402	0.567672
66	-56.787006	-57.761676	-57.787361	0.565710
67	-55.740941	-57.551257	-57.593341	0.563580
68	-55.740941	-57.297380	-57.348156	0.561179
69	-55.740941	-57.169068	-57.194730	0.559665
70	-55.740941	-56.996150	-57.030734	0.557750
71	-55.740941	-56.882878	-56.905533	0.556474
72	-55.740941	-56.762234	-56.786363	0.555038
73	-55.740941	-56.617427	-56.646389	0.553537
74	-55.710027	-56.447547	-56.481523	0.551400
75	-54.798675	-56.243925	-56.284650	0.548888
76	-54.798675	-56.068858	-56.103871	0.546303
77	-54.798675	-55.915952	-55.946533	0.544477
78	-54.798675	-55.761217	-55.792164	0.542550
79	-54.798675	-55.607857	-55.638529	0.541220
80	-54.755384	-55.507744	-55.527766	0.540032
81	-54.228806	-55.274313	-55.321000	0.536958
82	-54.228806	-55.261140	-55.263775	0.536218
83	-53.902906	-55.103110	-55.134716	0.534932
84	-53.902906	-54.925509	-54.961029	0.533269
85	-53.902906	-54.755126	-54.789203	0.530309
86	-53.765733	-54.624572	-54.650682	0.528624
87	-53.443285	-54.430259	-54.469121	0.526514
88	-53.443285	-54.331818	-54.351506	0.524981
89	-53.443285	-54.227100	-54.248044	0.523803
90	-53.443285	-54.116243	-54.138414	0.522631
91	-53.443285	-53.978818	-54.006303	0.520840
92	-53.359436	-53.878688	-53.898714	0.519776
93	-53.218309	-53.796233	-53.812724	0.518816
94	-53.114189	-53.697145	-53.716963	0.517759
95	-53.055003	-53.609913	-53.627359	0.516709
96	-52.805980	-53.453095	-53.484459	0.514980
97	-52.768013	-53.297773	-53.328837	0.512836
98	-52.740326	-53.175958	-53.200321	0.511362
99	-52.564327	-53.064637	-53.086901	0.509509
100	-52.395366	-52.995852	-53.009609	0.508790
101	-52.395366	-52.929730	-52.942954	0.508314
102	-52.328898	-52.845530	-52.862370	0.506966
103	-52.143226	-52.708796	-52.736143	0.505323
104	-52.047488	-52.614176	-52.633100	0.505003
105	-51.970971	-52.494925	-52.518775	0.503622
106	-51.899211	-52.361514	-52.388196	0.501845
107	-51.869835	-52.281624	-52.297602	0.500959
108	-51.657557	-52.218122	-52.230823	0.499928
109	-51.513991	-52.133674	-52.150564	0.498804
110	-51.512293	-52.027280	-52.048559	0.497392
111	-51.447700	-51.958079	-51.971919	0.496677
112	-51.270826	-51.869601	-51.887297	0.495620
113	-51.270826	-51.787966	-51.804293	0.494251
114	-51.195745	-51.676604	-51.698877	0.492615
115	-51.194883	-51.603680	-51.618265	0.492108
116	-51.194883	-51.532851	-51.547017	0.491342
117	-51.061838	-51.464358	-51.478057	0.490781
118	-51.032295	-51.418306	-51.427516	0.490254
119	-50.894539	-51.338977	-51.354843	0.489833
120	-50.868799	-51.251549	-51.269035	0.489131
121	-50.868799	-51.178424	-51.193049	0.488033
122	-50.604210	-51.120417	-51.132018	0.487831
123	-50.561032	-51.026297	-51.045121	0.486890
124	-50.484617	-50.951006	-50.966064	0.485979
125	-50.484617	-50.890233	-50.902388	0.484531
126	-50.326593	-50.787734	-50.808234	0.483551
127	-50.326593	-50.675283	-50.697773	0.481697
128	-50.250749	-50.610225	-50.623236	0.480556
129	-50.082615	-50.559082	-50.569311	0.479529
130	-50.082615	-50.505061	-50.515865	0.478795
131	-49.887596	-50.433564	-50.447863	0.476725
132	-49.887596	-50.366323	-50.379771	0.475755
133	-49.887596	-50.314868	-50.325159	0.474529
134	-49.600049	-50.246206	-50.259939	0.473808
135	-49.600049	-50.145125	-50.165341	0.472413
136	-49.600049	-50.068304	-50.083668	0.471710
137	-49.600049	-50.001880	-50.015164	0.471275
138	-49.352278	-49.887156	-49.910101	0.470491
139	-49.352278	-49.786701	-49.806792	0.469721
140	-49.256654	-49.676714	-49.698712	0.467831
141	-49.094718	-49.614783	-49.627169	0.466888
142	-49.094718	-49.560016	-49.570969	0.466335
143	-49.094718	-49.460961	-49.480772	0.465956
144	-48.895005	-49.381790	-49.397624	0.465351
145	-48.823084	-49.288158	-49.306884	0.464515
146	-48.806188	-49.229299	-49.241071	0.464072
147	-48.612381	-49.135151	-49.153981	0.463283
148	-48.456918	-49.071447	-49.084188	0.462534
149	-48.456918	-49.012517	-49.024303	0.462084
150	-48.395777	-48.943950	-48.957663	0.461397
151	-48.395777	-48.875784	-48.889417	0.460505
152	-48.292975	-48.799799	-48.814996	0.459863
153	-48.292975	-48.714491	-48.731553	0.458954
154	-48.238167	-48.644435	-48.658447	0.457726
155	-48.156459	-48.542533	-48.562913	0.457519
156	-48.156459	-48.463184	-48.479054	0.457240
157	-48.023815	-48.414727	-48.424418	0.456715
158	-47.713822	-48.337051	-48.352586	0.456040
159	-47.713822	-48.236684	-48.256758	0.455223
160	-47.675535	-48.157052	-48.172979	0.454771
161	-47.675535	-48.069800	-48.087250	0.453529
162	-47.564975	-48.007628	-48.020062	0.452667
163	-47.545564	-47.964487	-47.973115	0.452441
164	-47.515870	-47.874029	-47.892121	0.451753
165	-47.464782	-47.788875	-47.805906	0.451402
166	-47.344520	-47.728852	-47.740857	0.450993
167	-47.344520	-47.687382	-47.695676	0.450974
168	-47.334110	-47.607083	-47.623143	0.449884
169	-47.255711	-47.550398	-47.561735	0.449094
170	-47.118894	-47.470138	-47.486190	0.448806
171	-46.910194	-47.380106	-47.398112	0.448072
172	-46.907178	-47.283413	-47.302752	0.447628
173	-46.907178	-47.234599	-47.244362	0.446893
174	-46.517834	-47.127043	-47.148554	0.445513
175	-46.517834	-47.048944	-47.064564	0.444523
176	-46.517834	-47.006714	-47.015160	0.444358
177	-46.435497	-46.930124	-46.945442	0.442911
178	-46.351287	-46.857656	-46.872150	0.442064
179	-46.351287	-46.810244	-46.819726	0.440459
180	-46.309467	-46.746847	-46.759526	0.439360
181	-46.309467	-46.671881	-46.686874	0.438239
182	-46.236530	-46.621234	-46.631363	0.437447
183	-46.035082	-46.541685	-46.557595	0.437137
184	-46.035082	-46.486363	-46.497427	0.437158
185	-46.035082	-46.408923	-46.424411	0.436032
186	-46.035082	-46.368287	-46.376414	0.435311
187	-46.019851	-46.319711	-46.329426	0.434434
188	-45.988585	-46.269696	-46.279699	0.433868
189	-45.817912	-46.218217	-46.228513	0.432658
190	-45.799883	-46.148163	-46.162174	0.432505
191	-45.772801	-46.107557	-46.115679	0.431619
192	-45.772801	-46.070459	-46.077878	0.430912
193	-45.646392	-46.010581	-46.022556	0.430140
194	-45.524802	-45.935421	-45.950453	0.429545
195	-45.413773	-45.878850	-45.890164	0.428897
196	-45.394202	-45.793547	-45.810608	0.427950
197	-45.271000	-45.705578	-45.723172	0.426483
198	-45.271000	-45.645112	-45.657205	0.425480
199	-45.154078	-45.573210	-45.587591	0.425345
200	-45.154078	-45.521486	-45.531831	0.424683
201	-45.060586	-45.450652	-45.464819	0.423746
202	-44.943347	-45.399700	-45.409891	0.422864
203	-44.943347	-45.335691	-45.348493	0.422446
204	-44.943347	-45.275822	-45.287796	0.421864
205	-44.738782	-45.209898	-45.223082	0.419898
206	-44.738782	-45.151692	-45.163333	0.419465
207	-44.738782	-45.084842	-45.098212	0.418613
208	-44.701630	-45.037602	-45.047050	0.417345
209	-44.559508	-44.962256	-44.977325	0.416480
210	-44.559508	-44.882770	-44.898667	0.415851
211	-44.444737	-44.827215	-44.838326	0.415574
212	-44.444737	-44.780263	-44.789653	0.414961
213	-44.318878	-44.711251	-44.725054	0.413944
214	-44.246773	-44.635437	-44.650600	0.412846
215	-44.246773	-44.591131	-44.599992	0.412515
216	-44.241664	-44.537531	-44.548251	0.412328
217	-44.241664	-44.519899	-44.523425	0.412939
218	-44.199463	-44.473878	-44.483082	0.412910
219	-44.119999	-44.424189	-44.434127	0.411786
220	-44.104580	-44.371856	-44.382323	0.411165
221	-44.013368	-44.319437	-44.329921	0.409993
222	-43.989153	-44.266354	-44.276970	0.409610
223	-43.989153	-44.219176	-44.228612	0.408407
224	-43.821346	-44.175018	-44.183850	0.407745
225	-43.821346	-44.140051	-44.147044	0.407877
226	-43.821346	-44.085774	-44.096629	0.407386
227	-43.734995	-44.021994	-44.034750	0.406653
228	-43.686382	-43.967986	-43.978788	0.405720
229	-43.639852	-43.915629	-43.926101	0.405085
230	-43.603409	-43.872216	-43.880899	0.404132
231	-43.521686	-43.822897	-43.832761	0.403542
232	-43.454900	-43.768720	-43.779556	0.402687
233	-43.379559	-43.707399	-43.719663	0.400832
234	-43.379559	-43.659667	-43.669214	0.400482
235	-43.163790	-43.604917	-43.615867	0.399855
236	-43.163790	-43.550563	-43.561434	0.399165
237	-43.163790	-43.499758	-43.509919	0.398466
238	-43.163790	-43.451647	-43.461269	0.397905
239	-43.063078	-43.403538	-43.413160	0.397661
240	-43.053766	-43.346338	-43.357778	0.396231
241	-42.968517	-43.280631	-43.293773	0.394521
242	-42.755224	-43.220262	-43.232336	0.393938
243	-42.755224	-43.180897	-43.188770	0.393926
244	-42.755224	-43.108989	-43.123370	0.392621
245	-42.755224	-43.048035	-43.060226	0.391296
246	-42.487688	-42.963711	-42.980576	0.389845
247	-42.487688	-42.936612	-42.942032	0.389153
248	-42.419631	-42.842772	-42.861540	0.388210
249	-42.419631	-42.763556	-42.779399	0.386727
250	-42.256619	-42.682989	-42.699102	0.386016
251	-42.256619	-42.621921	-42.634135	0.384522
252	-42.256619	-42.585614	-42.592875	0.384185
253	-42.256619	-42.542226	-42.550904	0.383782
254	-42.030536	-42.489043	-42.499680	0.383031
255	-42.030536	-42.435973	-42.446587	0.382371
256	-42.030536	-42.397056	-42.404840	0.381776
257	-42.030536	-42.348156	-42.357936	0.381109
258	-42.030536	-42.296404	-42.306755	0.380835
259	-42.030536	-42.267871	-42.273578	0.380741
260	-41.996931	-42.222166	-42.231307	0.380179
261	-41.845891	-42.189130	-42.195737	0.379726
262	-41.845891	-42.157295	-42.163662	0.379162
263	-41.845891	-42.097518	-42.109473	0.377887
264	-41.817288	-42.063887	-42.070613	0.377315
