# GA for labeling mashup boyfriend-whistle
# size = 300
# max generations = 100
# crossover rate = 0.900000
# mutation rate = 0.100000
# optimum = 0.010000
# -----------------------------------------
# GENERATION   BEST'S FITNESS   AVG FITNESS
1	-67.111732	-68.954446
2	-66.938522	-68.589332
3	-66.758947	-68.258651
4	-65.861652	-67.872965
5	-65.812676	-67.401362
6	-65.558156	-67.056856
7	-65.558156	-66.868734
8	-65.529208	-66.604973
9	-64.832631	-66.276148
10	-64.832631	-66.037579
11	-64.760349	-65.888036
12	-64.498286	-65.623734
13	-64.402881	-65.347766
14	-64.263168	-65.212942
15	-64.061850	-64.978442
16	-64.061850	-64.823265
17	-63.410105	-64.565446
18	-63.410105	-64.427438
19	-63.410105	-64.246604
20	-63.388027	-64.115134
21	-63.184949	-63.995617
22	-63.133707	-63.866647
23	-62.889420	-63.689898
24	-62.854143	-63.582321
25	-62.854143	-63.484506
26	-62.434043	-63.313325
27	-62.395788	-63.191311
28	-62.287275	-63.049156
29	-61.975688	-62.880020
30	-61.631592	-62.742912
31	-61.631592	-62.578371
32	-61.451064	-62.446741
33	-61.244655	-62.329943
34	-61.244655	-62.174477
35	-61.244655	-62.055074
36	-61.107148	-61.902132
37	-61.107148	-61.757907
38	-60.631392	-61.626492
39	-60.564092	-61.459830
40	-60.564092	-61.304756
41	-60.484211	-61.196507
42	-60.193341	-61.004760
43	-60.193341	-60.874306
44	-60.193341	-60.748600
45	-59.888393	-60.589424
46	-59.879679	-60.443314
47	-59.520825	-60.259661
48	-59.385556	-60.087760
49	-59.045088	-59.949658
50	-59.045088	-59.754357
51	-58.891033	-59.597680
52	-58.726217	-59.489752
53	-58.652696	-59.341359
54	-58.346575	-59.176822
55	-58.346575	-59.084221
56	-58.346575	-58.955340
57	-57.903546	-58.781829
58	-57.722660	-58.654576
59	-57.722660	-58.511989
60	-57.722660	-58.388448
61	-57.570598	-58.254489
62	-57.570598	-58.111813
63	-57.544994	-58.031327
64	-57.392017	-57.952155
65	-57.392017	-57.875098
66	-57.353990	-57.780831
67	-57.130274	-57.678698
68	-56.847961	-57.515157
69	-56.746520	-57.378816
70	-56.344531	-57.215597
71	-56.313704	-57.119908
72	-56.312180	-56.974018
73	-56.312180	-56.840000
74	-56.304523	-56.705057
75	-55.615714	-56.575015
76	-55.615714	-56.486134
77	-55.615714	-56.389620
78	-55.615714	-56.297015
79	-55.392625	-56.169486
80	-55.296246	-56.002276
81	-55.158103	-55.900050
82	-55.098806	-55.729132
83	-54.871221	-55.538653
84	-54.865345	-55.457802
85	-54.776726	-55.345386
86	-54.776726	-55.253206
87	-54.481955	-55.151450
88	-54.250718	-55.001036
89	-54.095762	-54.850370
90	-54.095762	-54.753272
91	-54.073378	-54.599228
92	-53.562388	-54.449253
93	-53.562388	-54.305773
94	-53.562388	-54.179720
95	-53.497119	-54.046622
96	-53.352135	-53.936211
97	-53.265869	-53.810268
98	-53.171492	-53.682981
99	-52.773702	-53.588479
100	-52.604552	-53.451456
101	-52.573162	-53.274037
102	-52.545927	-53.154638
103	-52.222512	-52.999339
104	-52.222037	-52.847732
105	-52.100213	-52.703098
106	-52.003557	-52.630873
107	-51.841365	-52.528612
108	-51.619698	-52.367190
109	-51.619698	-52.313095
110	-51.530900	-52.219275
111	-51.502343	-52.088441
112	-51.502343	-52.021938
113	-51.218761	-51.921530
114	-51.218761	-51.769448
115	-50.982859	-51.627846
116	-50.982859	-51.504239
117	-50.634117	-51.382731
118	-50.380945	-51.249924
119	-50.380945	-51.179780
120	-50.315554	-51.088901
121	-50.315554	-51.002840
122	-50.315554	-50.898567
123	-50.315554	-50.808472
124	-50.255365	-50.715669
125	-50.167505	-50.632571
126	-50.167505	-50.577281
127	-49.977672	-50.451955
128	-49.831555	-50.366680
129	-49.816010	-50.276780
130	-49.535294	-50.161650
131	-49.535294	-50.086089
132	-49.535294	-50.024593
133	-49.535294	-49.952520
134	-49.396024	-49.875174
135	-49.380937	-49.754524
136	-49.069534	-49.645662
137	-48.905273	-49.552028
138	-48.905273	-49.473332
139	-48.795503	-49.347258
140	-48.754152	-49.271240
141	-48.679477	-49.207528
142	-48.653410	-49.142856
143	-48.627411	-49.032572
144	-48.444087	-48.925000
145	-48.444087	-48.865066
146	-48.039555	-48.746288
147	-48.039555	-48.642999
148	-48.039555	-48.580726
149	-47.938121	-48.470095
150	-47.567453	-48.348301
151	-47.567453	-48.246053
152	-47.475391	-48.181670
153	-47.475391	-48.124666
154	-47.475391	-48.032591
155	-47.446694	-47.915093
156	-47.402403	-47.799778
157	-47.059129	-47.680457
158	-47.059129	-47.612134
159	-47.059129	-47.522234
160	-46.847478	-47.406439
161	-46.847478	-47.296055
162	-46.734152	-47.186856
163	-46.734152	-47.116472
164	-46.558034	-47.051703
165	-46.498683	-46.987267
166	-46.436067	-46.900378
167	-46.436067	-46.839295
168	-46.385107	-46.772887
169	-46.276553	-46.710873
170	-46.276553	-46.629586
171	-46.189349	-46.578388
172	-45.933078	-46.508165
173	-45.933078	-46.438447
174	-45.780455	-46.358164
175	-45.780455	-46.275319
176	-45.595162	-46.171591
177	-45.595162	-46.083872
178	-45.563058	-46.031179
179	-45.407970	-45.963940
180	-45.293453	-45.858024
181	-45.293453	-45.780604
182	-45.136640	-45.683929
183	-45.136640	-45.618769
184	-45.136640	-45.553708
185	-45.101192	-45.465754
186	-45.101096	-45.415423
187	-44.965578	-45.365989
188	-44.965578	-45.321555
189	-44.893387	-45.268954
190	-44.818788	-45.175719
191	-44.818788	-45.131479
192	-44.639461	-45.039619
193	-44.430674	-44.934095
194	-44.430674	-44.870802
195	-44.430674	-44.820267
196	-44.430674	-44.769120
197	-44.391761	-44.723320
198	-44.391761	-44.675956
199	-44.391761	-44.633073
200	-44.221815	-44.588187
201	-44.207520	-44.539011
202	-44.207520	-44.502464
203	-44.049506	-44.426507
204	-44.031487	-44.379942
205	-43.994786	-44.300617
206	-43.951635	-44.253531
207	-43.811993	-44.172962
208	-43.707746	-44.112437
209	-43.628459	-44.060002
210	-43.628459	-43.995529
211	-43.579981	-43.933552
212	-43.440561	-43.851975
213	-43.403831	-43.772887
214	-43.383331	-43.693645
215	-43.360822	-43.648220
216	-43.360822	-43.591506
217	-42.952822	-43.503626
218	-42.952822	-43.413356
219	-42.896066	-43.328164
220	-42.896066	-43.260099
221	-42.896066	-43.217498
222	-42.819347	-43.159008
223	-42.819347	-43.111881
224	-42.735697	-43.052157
225	-42.701545	-42.991910
226	-42.701545	-42.965202
227	-42.627050	-42.905367
228	-42.452229	-42.829226
229	-42.452229	-42.785858
230	-42.399926	-42.704073
231	-42.225705	-42.629749
232	-42.192793	-42.591941
233	-42.079765	-42.547085
234	-42.079765	-42.498144
235	-42.079765	-42.449550
236	-42.004192	-42.373744
237	-41.940475	-42.337203
238	-41.940475	-42.302939
239	-41.882723	-42.235260
240	-41.677123	-42.148200
241	-41.669510	-42.055992
242	-41.669510	-41.992968
243	-41.669510	-41.957241
244	-41.669510	-41.913862
245	-41.562612	-41.841644
246	-41.397312	-41.791497
247	-41.397312	-41.743528
248	-41.397312	-41.711853
249	-41.318557	-41.645949
250	-41.318557	-41.618404
251	-41.318557	-41.582858
252	-41.309795	-41.531296
253	-41.272224	-41.475900
254	-41.143950	-41.412349
255	-41.143950	-41.380091
256	-41.108999	-41.317961
257	-41.029060	-41.258529
258	-41.029060	-41.216781
259	-40.924991	-41.160341
260	-40.884908	-41.105886
261	-40.695323	-41.067199
262	-40.695323	-41.036349
263	-40.695323	-41.004081
264	-40.695323	-40.968287
265	-40.695323	-40.918265
266	-40.640744	-40.889689
267	-40.607985	-40.847811
268	-40.607985	-40.806690
269	-40.541438	-40.765893
270	-40.484217	-40.702515
271	-40.400803	-40.650743
272	-40.292566	-40.601215
273	-40.292566	-40.574640
274	-40.292566	-40.542074
275	-40.201660	-40.490690
276	-40.201660	-40.429989
277	-40.174144	-40.373752
278	-40.145710	-40.337741
279	-40.047118	-40.301571
280	-40.047118	-40.270510
281	-40.047118	-40.239691
282	-39.993474	-40.208538
283	-39.947949	-40.162448
284	-39.739390	-40.103655
285	-39.739390	-40.040988
286	-39.670614	-39.994582
287	-39.549996	-39.922655
288	-39.549996	-39.852414
289	-39.485238	-39.793914
290	-39.485238	-39.756040
291	-39.485238	-39.718678
292	-39.397118	-39.670400
293	-39.372326	-39.618738
294	-39.353210	-39.589887
295	-39.353210	-39.560694
296	-39.158056	-39.505592
297	-39.158056	-39.467029
298	-39.158056	-39.422579
299	-39.158056	-39.398411
300	-39.123989	-39.353998
301	-39.123989	-39.317676
302	-39.106211	-39.289333
303	-38.983102	-39.233246
304	-38.873085	-39.195602
305	-38.873085	-39.164016
306	-38.873085	-39.116913
307	-38.768172	-39.080960
308	-38.768172	-39.039736
309	-38.760162	-38.990815
310	-38.644269	-38.940615
311	-38.644269	-38.890663
312	-38.644269	-38.864538
313	-38.444347	-38.802937
314	-38.386928	-38.747507
315	-38.386928	-38.709093
316	-38.347962	-38.650553
317	-38.347962	-38.616896
318	-38.269525	-38.563306
319	-38.265647	-38.516896
320	-38.204977	-38.473372
321	-38.032593	-38.407457
322	-38.032593	-38.373466
323	-37.933794	-38.309728
324	-37.933794	-38.250271
325	-37.860234	-38.183296
326	-37.860234	-38.136502
327	-37.804691	-38.072563
328	-37.714699	-38.004022
329	-37.710494	-37.931221
330	-37.520386	-37.868402
331	-37.520386	-37.826609
332	-37.520386	-37.794683
333	-37.481681	-37.765297
334	-37.481681	-37.729104
335	-37.481681	-37.712825
336	-37.442344	-37.668681
337	-37.270105	-37.621247
338	-37.270105	-37.581747
339	-37.270105	-37.547832
340	-37.270105	-37.497216
341	-37.231721	-37.454696
342	-37.231721	-37.419884
343	-37.193655	-37.384703
344	-37.133361	-37.343068
345	-37.133361	-37.312895
346	-37.011192	-37.267105
347	-36.790403	-37.209847
348	-36.790403	-37.155336
349	-36.790403	-37.101107
350	-36.790403	-37.064696
351	-36.790403	-37.037455
352	-36.758407	-36.996559
353	-36.705092	-36.949603
354	-36.705092	-36.897135
355	-36.675982	-36.846803
356	-36.520231	-36.799191
357	-36.520231	-36.761541
358	-36.479812	-36.729106
359	-36.479812	-36.696054
360	-36.479812	-36.669482
361	-36.477503	-36.631457
362	-36.409067	-36.598012
363	-36.409067	-36.567633
364	-36.397290	-36.540897
365	-36.298072	-36.509048
366	-36.298072	-36.476317
367	-36.215982	-36.443443
368	-36.215982	-36.407376
369	-36.215982	-36.385890
370	-36.168353	-36.347407
371	-36.141082	-36.308972
372	-36.141082	-36.286213
373	-35.984727	-36.242034
374	-35.945940	-36.198980
375	-35.917773	-36.150069
376	-35.868889	-36.113110
377	-35.868889	-36.090260
378	-35.868889	-36.066453
379	-35.797901	-36.016301
380	-35.779001	-35.978765
381	-35.749119	-35.940447
382	-35.749119	-35.892462
383	-35.749119	-35.891329
