# GA for labeling mashup boyfriend-whistle
# size = 300
# crossover rate = 0.900000
# mutation rate = 0.100000
# optimum = 0.010000
# -------------------------------------------------------------------
# GENERATION   BEST'S FITNESS   AVG FITNESS   EXP WGT AVG   TRUE DIST
1	-67.211473	-68.916633	-69.020197	0.520680
2	-67.081063	-68.649541	-68.702959	0.521495
3	-67.081063	-68.454764	-68.493719	0.522038
4	-66.291168	-68.197352	-68.248835	0.524200
5	-66.291168	-67.882708	-67.945637	0.528996
6	-66.133197	-67.626857	-67.678027	0.535294
7	-65.742337	-67.280058	-67.349418	0.543531
8	-65.742337	-67.039968	-67.087986	0.547298
9	-65.742337	-66.757389	-66.813905	0.550683
10	-65.481366	-66.523040	-66.569910	0.556135
11	-65.088225	-66.326310	-66.365656	0.562476
12	-64.336795	-66.090006	-66.137267	0.569708
13	-64.336795	-65.819980	-65.873985	0.576287
14	-64.124815	-65.592894	-65.638311	0.581519
15	-64.124815	-65.355489	-65.402970	0.588752
16	-64.124815	-65.149587	-65.190767	0.596353
17	-63.970710	-65.009504	-65.037520	0.600177
18	-63.764111	-64.743709	-64.796868	0.607934
19	-63.764111	-64.538966	-64.579915	0.614845
20	-63.403407	-64.404515	-64.431406	0.621004
21	-62.772072	-64.208407	-64.247629	0.628885
22	-62.772072	-64.059199	-64.089040	0.634911
23	-62.707513	-63.944189	-63.967191	0.640221
24	-62.707513	-63.780486	-63.813226	0.647803
25	-62.707513	-63.652528	-63.678120	0.653460
26	-62.707513	-63.500710	-63.531074	0.660944
27	-62.707513	-63.337441	-63.370095	0.667240
28	-62.117256	-63.134935	-63.175436	0.676864
29	-62.014779	-62.994415	-63.022519	0.683987
30	-61.969017	-62.783478	-62.825665	0.690045
31	-61.804206	-62.675758	-62.697302	0.691199
32	-61.612018	-62.478791	-62.518185	0.684578
33	-61.612018	-62.379625	-62.399458	0.682857
34	-61.163524	-62.159694	-62.203681	0.672012
35	-61.163524	-62.034710	-62.059707	0.663128
36	-61.163524	-61.920972	-61.943720	0.658089
37	-60.696837	-61.729115	-61.767487	0.649146
38	-60.696837	-61.529941	-61.569776	0.638171
39	-60.460710	-61.309637	-61.353698	0.628728
40	-60.094443	-61.157433	-61.187874	0.622571
41	-60.094443	-60.996501	-61.028687	0.616751
42	-59.975807	-60.799257	-60.838706	0.609875
43	-59.942387	-60.636647	-60.669169	0.602641
44	-59.706773	-60.520597	-60.543807	0.597392
45	-59.622043	-60.397555	-60.422163	0.594422
46	-59.356502	-60.257155	-60.285235	0.588471
47	-59.205418	-60.066708	-60.104797	0.582683
48	-59.191028	-59.953366	-59.976035	0.579950
49	-59.098985	-59.795930	-59.827417	0.577210
50	-59.098985	-59.713023	-59.729605	0.575031
51	-58.869611	-59.609629	-59.630308	0.572334
52	-58.807858	-59.430931	-59.466670	0.568416
53	-58.496194	-59.268159	-59.300714	0.564262
54	-58.249881	-59.072558	-59.111678	0.558629
55	-58.249881	-58.941568	-58.967766	0.556029
56	-57.915443	-58.750604	-58.788797	0.552462
57	-57.915443	-58.576037	-58.610950	0.548766
58	-57.895084	-58.467928	-58.489550	0.546962
59	-57.486656	-58.299450	-58.333146	0.544623
60	-57.486656	-58.112557	-58.149936	0.541302
61	-57.141394	-58.007098	-58.028190	0.539259
62	-57.141394	-57.827499	-57.863419	0.536816
63	-56.682729	-57.667641	-57.699613	0.534262
64	-56.682729	-57.508569	-57.540383	0.531555
65	-56.682729	-57.395708	-57.418280	0.529859
66	-56.605135	-57.258409	-57.285869	0.528472
67	-56.560881	-57.132055	-57.157326	0.527289
68	-56.161770	-56.971297	-57.003448	0.524749
69	-56.161770	-56.880553	-56.898701	0.522760
70	-56.116104	-56.738035	-56.766538	0.521185
71	-56.116104	-56.644895	-56.663523	0.518287
72	-55.800440	-56.521591	-56.546252	0.517414
73	-55.742695	-56.432099	-56.449997	0.515102
74	-55.651421	-56.312055	-56.336064	0.513382
75	-55.492956	-56.183248	-56.209009	0.510561
76	-55.492956	-56.060505	-56.085053	0.508397
77	-55.386901	-55.932397	-55.958019	0.506657
78	-55.017875	-55.805180	-55.830623	0.505453
79	-55.017875	-55.749440	-55.760588	0.506685
80	-55.017875	-55.624190	-55.649240	0.502543
81	-54.810906	-55.475168	-55.504973	0.500312
82	-54.669542	-55.325181	-55.355179	0.496887
83	-54.458544	-55.174244	-55.204431	0.494306
84	-54.252964	-55.035468	-55.063223	0.492706
85	-54.252964	-54.941086	-54.959963	0.491714
86	-54.252964	-54.838694	-54.859173	0.489993
87	-54.252964	-54.763031	-54.778164	0.488907
88	-54.252964	-54.702962	-54.714976	0.488284
89	-53.904681	-54.600878	-54.621295	0.485339
90	-53.904681	-54.509592	-54.527849	0.484264
91	-53.846893	-54.387585	-54.411987	0.481994
92	-53.738187	-54.277767	-54.299731	0.480563
93	-53.300387	-54.178298	-54.198192	0.479322
94	-53.300387	-54.039173	-54.066998	0.476601
95	-53.300387	-53.922418	-53.945769	0.475803
96	-53.273104	-53.807096	-53.830160	0.473197
97	-53.273104	-53.714096	-53.732696	0.471768
98	-53.081950	-53.571930	-53.600363	0.470889
99	-52.979354	-53.467377	-53.488287	0.468606
100	-52.658521	-53.371905	-53.390999	0.467791
101	-52.658521	-53.314654	-53.326104	0.466689
102	-52.658521	-53.259799	-53.270770	0.464863
103	-52.655706	-53.127402	-53.153882	0.463734
104	-52.602843	-53.045437	-53.061830	0.462856
105	-52.382653	-52.905713	-52.933658	0.461791
106	-52.120798	-52.817385	-52.835050	0.460195
107	-52.043110	-52.696227	-52.720458	0.458637
108	-52.043110	-52.611860	-52.628733	0.457778
109	-52.043110	-52.538887	-52.553482	0.457511
110	-52.043110	-52.444303	-52.463220	0.457252
111	-51.819776	-52.340897	-52.361579	0.457517
112	-51.818202	-52.260954	-52.276943	0.454942
113	-51.713789	-52.192558	-52.206237	0.454618
114	-51.711338	-52.131103	-52.143394	0.453510
115	-51.609340	-52.062914	-52.076552	0.453298
116	-51.564037	-52.003980	-52.015767	0.453359
117	-51.411608	-51.939619	-51.952491	0.451911
118	-51.360332	-51.835208	-51.856090	0.450587
119	-51.209886	-51.751301	-51.768082	0.449224
120	-51.209886	-51.671941	-51.687813	0.447906
121	-51.209886	-51.616846	-51.627865	0.447013
122	-51.209886	-51.543400	-51.558089	0.445422
123	-51.139109	-51.472664	-51.486812	0.444025
124	-51.009103	-51.407310	-51.420381	0.442927
125	-50.968823	-51.342246	-51.355259	0.442376
126	-50.968823	-51.290946	-51.301206	0.441187
127	-50.722914	-51.224093	-51.237463	0.441648
128	-50.722914	-51.162802	-51.175060	0.440575
129	-50.622319	-51.103066	-51.115014	0.439287
130	-50.622319	-51.021070	-51.037469	0.437852
131	-50.622319	-50.961487	-50.973404	0.436944
132	-50.388065	-50.899477	-50.911879	0.435538
133	-50.320018	-50.794410	-50.815424	0.433265
134	-50.290872	-50.686969	-50.708457	0.431599
135	-50.101412	-50.630233	-50.641580	0.429627
136	-50.032912	-50.547216	-50.563819	0.429193
137	-49.971415	-50.459334	-50.476910	0.428821
138	-49.883124	-50.387082	-50.401532	0.428406
139	-49.846487	-50.322990	-50.335808	0.427330
140	-49.750147	-50.222640	-50.242710	0.426574
141	-49.750147	-50.165603	-50.177010	0.425400
142	-49.715909	-50.114311	-50.124570	0.424827
143	-49.507308	-50.033147	-50.049380	0.423970
144	-49.385932	-49.923326	-49.945290	0.422735
145	-49.385932	-49.859311	-49.872114	0.421861
146	-49.343573	-49.803263	-49.814473	0.420803
147	-49.284419	-49.714210	-49.732021	0.419643
148	-49.284419	-49.667464	-49.676813	0.417720
149	-49.247115	-49.619735	-49.629281	0.417574
150	-49.247115	-49.567948	-49.578306	0.416859
151	-48.971785	-49.466910	-49.487117	0.414765
152	-48.971785	-49.347381	-49.371286	0.413203
153	-48.862542	-49.262981	-49.279861	0.411311
154	-48.749344	-49.175821	-49.193253	0.409866
155	-48.739633	-49.119658	-49.130891	0.408835
156	-48.556046	-49.024851	-49.043812	0.407085
157	-48.333626	-48.955663	-48.969500	0.405847
158	-48.333626	-48.898415	-48.909865	0.404739
159	-48.246573	-48.814261	-48.831092	0.403446
160	-48.246573	-48.729063	-48.746103	0.402377
161	-48.246573	-48.659443	-48.673367	0.401347
162	-48.033750	-48.562514	-48.581899	0.400386
163	-48.033750	-48.501354	-48.513586	0.400000
164	-48.033750	-48.397703	-48.418433	0.398840
165	-48.006717	-48.341394	-48.352655	0.397034
166	-47.816822	-48.252004	-48.269882	0.395549
167	-47.779179	-48.197684	-48.208548	0.394486
168	-47.694093	-48.111825	-48.128997	0.392806
169	-47.692505	-48.073749	-48.081364	0.392829
170	-47.692505	-48.017551	-48.028791	0.391503
171	-47.619841	-47.947492	-47.961504	0.390141
172	-47.425982	-47.851308	-47.870544	0.389257
173	-47.214016	-47.758574	-47.777121	0.388309
174	-47.214016	-47.704669	-47.715450	0.387111
175	-47.214016	-47.651176	-47.661874	0.386006
176	-47.214016	-47.612579	-47.620298	0.385179
177	-47.214016	-47.579146	-47.585833	0.384524
178	-46.983089	-47.526108	-47.536715	0.384039
179	-46.983089	-47.452546	-47.467258	0.383429
180	-46.983089	-47.397305	-47.408353	0.382302
181	-46.960083	-47.323390	-47.338173	0.381710
182	-46.960083	-47.266706	-47.278043	0.380747
183	-46.781389	-47.186596	-47.202618	0.379618
184	-46.781389	-47.142148	-47.151037	0.379361
185	-46.751119	-47.079030	-47.091653	0.378998
186	-46.544293	-46.996062	-47.012655	0.377964
187	-46.493846	-46.916996	-46.932809	0.377145
188	-46.373316	-46.829304	-46.846843	0.376567
189	-46.373316	-46.780473	-46.790239	0.375950
190	-46.207253	-46.703688	-46.719045	0.375167
191	-46.207253	-46.642476	-46.654718	0.374489
192	-46.207253	-46.590213	-46.600666	0.373429
193	-46.138316	-46.507317	-46.523896	0.372783
194	-45.922179	-46.408790	-46.428495	0.371794
195	-45.922179	-46.336100	-46.350638	0.370636
196	-45.922179	-46.270026	-46.283241	0.370827
197	-45.909299	-46.206816	-46.219458	0.370074
198	-45.799350	-46.124168	-46.140698	0.368303
199	-45.604000	-46.052900	-46.067154	0.367652
200	-45.581662	-45.958417	-45.977313	0.365179
201	-45.491946	-45.881986	-45.897272	0.362610
202	-45.491946	-45.817291	-45.830230	0.361540
203	-45.467693	-45.768616	-45.778351	0.360332
204	-45.177671	-45.695186	-45.709872	0.358799
205	-45.177671	-45.620517	-45.635451	0.357757
206	-45.177671	-45.548422	-45.562841	0.356492
207	-45.037984	-45.459184	-45.477032	0.354874
208	-45.037984	-45.409542	-45.419470	0.353952
209	-44.737387	-45.345039	-45.357940	0.353203
210	-44.583743	-45.260786	-45.277637	0.352402
211	-44.583743	-45.179332	-45.195622	0.351635
212	-44.583743	-45.131104	-45.140750	0.350899
213	-44.583743	-45.071187	-45.083170	0.349956
214	-44.383898	-44.984745	-45.002034	0.349410
215	-44.383898	-44.918047	-44.931387	0.348925
216	-44.364602	-44.814703	-44.835372	0.347661
217	-44.360397	-44.763132	-44.773446	0.347060
218	-44.262593	-44.714211	-44.723995	0.345798
219	-44.262345	-44.622109	-44.640529	0.344601
220	-44.177992	-44.567096	-44.578098	0.344089
221	-44.064004	-44.475806	-44.494064	0.342685
222	-43.937808	-44.402717	-44.417335	0.341071
223	-43.732010	-44.311674	-44.329883	0.339080
224	-43.732010	-44.257692	-44.268488	0.337849
225	-43.732010	-44.199074	-44.210797	0.336964
226	-43.601291	-44.098775	-44.118834	0.335542
227	-43.601291	-44.028664	-44.042686	0.334806
228	-43.601291	-43.982754	-43.991936	0.334391
229	-43.470153	-43.930209	-43.940718	0.333199
230	-43.470153	-43.880867	-43.890735	0.332361
231	-43.470153	-43.823338	-43.834844	0.331583
232	-43.427369	-43.759981	-43.772653	0.329953
233	-43.160848	-43.673472	-43.690774	0.328588
234	-43.106555	-43.597304	-43.612538	0.327096
235	-43.106555	-43.558301	-43.566102	0.326771
236	-42.928028	-43.472478	-43.489643	0.325480
237	-42.928028	-43.399086	-43.413765	0.323857
238	-42.928028	-43.339373	-43.351316	0.322512
239	-42.928028	-43.298853	-43.306957	0.321971
240	-42.861329	-43.221831	-43.237235	0.319495
241	-42.757894	-43.129827	-43.148228	0.317572
242	-42.757894	-43.077868	-43.088260	0.316924
243	-42.638246	-43.022406	-43.033499	0.315828
244	-42.520431	-42.982087	-42.990151	0.315046
245	-42.520431	-42.937729	-42.946600	0.313891
246	-42.520431	-42.885019	-42.895561	0.312773
247	-42.520431	-42.846047	-42.853841	0.311911
248	-42.424841	-42.796078	-42.806072	0.310961
249	-42.358176	-42.725741	-42.739808	0.308762
250	-42.358176	-42.665623	-42.677646	0.308058
251	-42.279133	-42.617995	-42.627520	0.307015
252	-42.004853	-42.561754	-42.573003	0.305402
253	-42.004853	-42.517665	-42.526483	0.304906
254	-42.004853	-42.419178	-42.438876	0.303305
255	-42.004853	-42.347485	-42.361824	0.302054
256	-42.004853	-42.290134	-42.301604	0.301336
257	-42.004853	-42.245304	-42.254270	0.300323
258	-41.879901	-42.175938	-42.189811	0.298242
259	-41.640194	-42.108198	-42.121746	0.296781
260	-41.640194	-42.050139	-42.061751	0.295932
261	-41.640194	-41.976002	-41.990829	0.294118
262	-41.640194	-41.932844	-41.941475	0.293364
263	-41.452263	-41.858716	-41.873542	0.291941
264	-41.413446	-41.800008	-41.811750	0.290784
265	-41.413446	-41.762593	-41.770076	0.290121
266	-41.413446	-41.725398	-41.732837	0.289253
267	-41.391470	-41.680885	-41.689788	0.288474
268	-41.097893	-41.611274	-41.625196	0.286997
269	-41.097893	-41.567797	-41.576493	0.285502
270	-41.097893	-41.530311	-41.537808	0.284962
271	-41.097893	-41.486813	-41.495513	0.283965
272	-41.097893	-41.417209	-41.431130	0.283314
273	-41.071975	-41.362841	-41.373714	0.281814
274	-40.882143	-41.298671	-41.311505	0.280367
275	-40.882143	-41.249440	-41.259286	0.279640
276	-40.882143	-41.210301	-41.218129	0.278898
277	-40.744460	-41.137690	-41.152212	0.277645
278	-40.744460	-41.101201	-41.108499	0.277141
279	-40.656336	-41.030863	-41.044930	0.275586
280	-40.614997	-40.955411	-40.970501	0.274136
281	-40.573359	-40.893611	-40.905971	0.272608
282	-40.488376	-40.863164	-40.869254	0.271657
283	-40.488376	-40.781541	-40.797866	0.270061
284	-40.413169	-40.722008	-40.733915	0.269001
285	-40.413169	-40.686275	-40.693422	0.267560
286	-40.413169	-40.638424	-40.647994	0.266884
287	-40.263382	-40.589022	-40.598903	0.265982
288	-40.140160	-40.538086	-40.548273	0.264021
289	-40.134239	-40.500392	-40.507931	0.262641
290	-40.134239	-40.461124	-40.468978	0.261978
291	-40.134239	-40.407932	-40.418571	0.261704
292	-39.798063	-40.324269	-40.341002	0.260150
293	-39.794898	-40.284744	-40.292649	0.259124
294	-39.794898	-40.237203	-40.246711	0.258501
295	-39.794898	-40.162931	-40.177786	0.257355
296	-39.666815	-40.107436	-40.118535	0.256636
297	-39.666815	-40.067455	-40.075451	0.256192
298	-39.666815	-40.030921	-40.038228	0.255416
299	-39.637392	-39.971721	-39.983561	0.254474
300	-39.566329	-39.900637	-39.914854	0.252343
301	-39.566329	-39.841935	-39.853676	0.251253
302	-39.462330	-39.779769	-39.792203	0.250614
303	-39.462330	-39.737912	-39.746283	0.249853
304	-39.339886	-39.676095	-39.688458	0.248372
305	-39.339886	-39.643425	-39.649959	0.247976
306	-39.322857	-39.574548	-39.588323	0.246160
307	-39.225272	-39.524958	-39.534876	0.244319
308	-39.160110	-39.456778	-39.470414	0.242850
309	-39.012582	-39.415974	-39.424135	0.241908
310	-39.012582	-39.361169	-39.372130	0.240697
311	-38.981723	-39.289413	-39.303764	0.239297
312	-38.793924	-39.235076	-39.245944	0.238634
313	-38.793924	-39.184432	-39.194561	0.237712
314	-38.793924	-39.156939	-39.162438	0.237922
315	-38.793924	-39.105824	-39.116047	0.237245
316	-38.713236	-39.066106	-39.074049	0.236557
317	-38.713236	-38.997239	-39.011012	0.235559
318	-38.574698	-38.905027	-38.923469	0.233516
319	-38.436844	-38.859500	-38.868605	0.233066
320	-38.411441	-38.798269	-38.810515	0.232490
321	-38.401303	-38.719575	-38.735314	0.230342
322	-38.401303	-38.668483	-38.678702	0.228968
323	-38.345056	-38.622621	-38.631794	0.228399
324	-38.345056	-38.588956	-38.595689	0.227996
325	-38.260969	-38.531982	-38.543377	0.226860
326	-38.260969	-38.486833	-38.495863	0.226289
327	-38.088888	-38.417579	-38.431430	0.224306
328	-38.088888	-38.374895	-38.383432	0.223614
329	-38.047119	-38.307377	-38.320881	0.221910
330	-37.890447	-38.237881	-38.251781	0.221336
331	-37.890447	-38.189424	-38.199115	0.220396
332	-37.742345	-38.129084	-38.141152	0.219536
333	-37.728832	-38.074989	-38.085808	0.218559
334	-37.654352	-38.010284	-38.023225	0.216765
335	-37.654352	-37.965847	-37.974734	0.215969
336	-37.654352	-37.935901	-37.941890	0.215345
337	-37.649390	-37.885613	-37.895671	0.214084
338	-37.593848	-37.845532	-37.853548	0.213661
339	-37.533869	-37.795947	-37.805864	0.212854
340	-37.533869	-37.759621	-37.766886	0.212158
341	-37.499112	-37.726958	-37.733490	0.211499
342	-37.499112	-37.698929	-37.704535	0.211015
343	-37.497528	-37.671290	-37.676818	0.210771
344	-37.349333	-37.638382	-37.644963	0.210415
345	-37.349333	-37.579101	-37.590957	0.209206
346	-37.349333	-37.551607	-37.557106	0.208704
347	-37.310269	-37.505143	-37.514435	0.207317
348	-37.218114	-37.477435	-37.482976	0.206475
349	-37.189115	-37.424810	-37.435335	0.205168
350	-37.133438	-37.376295	-37.385998	0.204312
351	-37.133438	-37.333702	-37.342221	0.203898
352	-37.084366	-37.282282	-37.292566	0.202795
353	-36.898529	-37.228892	-37.239570	0.201677
354	-36.898529	-37.194988	-37.201769	0.200987
355	-36.898529	-37.160016	-37.167011	0.200206
356	-36.850205	-37.128949	-37.135163	0.199795
357	-36.850205	-37.087710	-37.095958	0.198775
358	-36.850205	-37.080688	-37.082092	0.199474
