# GA for labeling mashup boyfriend-girlfriend
# size = 300
# crossover rate = 0.900000
# mutation rate = 0.100000
# optimum = 0.010000
# -------------------------------------------------------------------
# GENERATION   BEST'S FITNESS   AVG FITNESS   EXP WGT AVG   TRUE DIST
1	-65.311186	-67.078372	-67.159806	0.556515
2	-65.311186	-66.733033	-66.802101	0.568320
3	-65.244158	-66.517643	-66.560721	0.575393
4	-64.951780	-66.239092	-66.294802	0.581336
5	-64.559592	-65.936485	-65.997007	0.584201
6	-63.955287	-65.685785	-65.735925	0.585740
7	-63.836935	-65.466113	-65.510047	0.587696
8	-63.165990	-65.124357	-65.192708	0.595455
9	-63.165990	-64.921658	-64.962198	0.600376
10	-63.165990	-64.586030	-64.653156	0.610548
11	-63.133179	-64.420133	-64.453312	0.615832
12	-62.673396	-64.152298	-64.205865	0.625219
13	-62.673396	-63.803094	-63.872935	0.636292
14	-62.283535	-63.614731	-63.652403	0.642107
15	-62.153313	-63.316627	-63.376248	0.652088
16	-61.668031	-63.056392	-63.108439	0.662370
17	-61.668031	-62.807915	-62.857610	0.670128
18	-61.160353	-62.605361	-62.645872	0.679762
19	-60.866022	-62.329474	-62.384652	0.689865
20	-60.369631	-61.922920	-62.004231	0.702000
21	-60.369631	-61.646627	-61.701886	0.706533
22	-60.369631	-61.481649	-61.514645	0.708875
23	-59.441795	-61.175087	-61.236399	0.701169
24	-59.441795	-60.833937	-60.902167	0.685962
25	-59.391035	-60.602898	-60.649106	0.674800
26	-58.825985	-60.297814	-60.358830	0.661391
27	-58.825985	-60.139126	-60.170863	0.656173
28	-58.825985	-59.955039	-59.991856	0.649809
29	-58.653795	-59.691545	-59.744244	0.640794
30	-58.430566	-59.509565	-59.545961	0.633527
31	-58.402621	-59.301979	-59.343496	0.627643
32	-57.874355	-59.060959	-59.109163	0.621632
33	-57.874355	-58.888986	-58.923381	0.614742
34	-57.248199	-58.625170	-58.677933	0.608282
35	-57.248199	-58.401102	-58.445915	0.602824
36	-57.248199	-58.244500	-58.275820	0.599090
37	-56.665598	-58.027741	-58.071093	0.592863
38	-56.665598	-57.854149	-57.888868	0.588587
39	-56.665598	-57.632027	-57.676452	0.582029
40	-56.538534	-57.412464	-57.456377	0.578580
41	-56.441707	-57.227116	-57.264185	0.575694
42	-56.437350	-57.090250	-57.117623	0.572522
43	-56.262125	-56.993327	-57.012712	0.569142
44	-56.214573	-56.866491	-56.891859	0.565973
45	-55.827563	-56.666710	-56.706666	0.559322
46	-55.792189	-56.458697	-56.500299	0.555226
47	-55.073490	-56.329291	-56.355172	0.551902
48	-55.073490	-56.143309	-56.180505	0.548088
49	-55.017331	-56.012217	-56.038435	0.546047
50	-54.857284	-55.795714	-55.839015	0.541665
51	-54.836103	-55.661378	-55.688246	0.538395
52	-54.762352	-55.469755	-55.508079	0.535312
53	-54.592987	-55.361213	-55.382921	0.533608
54	-54.516265	-55.255398	-55.276561	0.532050
55	-54.365978	-55.128957	-55.154246	0.529182
56	-53.936750	-55.006414	-55.030923	0.526121
57	-53.807138	-54.782644	-54.827398	0.522359
58	-53.686300	-54.561904	-54.606052	0.517083
59	-53.685477	-54.362449	-54.402340	0.513633
60	-53.236599	-54.144359	-54.187977	0.510203
61	-52.994935	-53.972518	-54.006886	0.507391
62	-52.935096	-53.854270	-53.877919	0.505282
63	-52.834368	-53.696311	-53.727903	0.502265
64	-52.733519	-53.599992	-53.619256	0.500442
65	-52.518305	-53.378765	-53.423010	0.496522
66	-52.123039	-53.153764	-53.198765	0.493750
67	-52.123039	-53.047431	-53.068698	0.491775
68	-52.123039	-52.940794	-52.962122	0.490776
69	-51.816757	-52.782828	-52.814421	0.487261
70	-51.519613	-52.589599	-52.628245	0.485729
71	-51.519613	-52.383446	-52.424677	0.482345
72	-51.302260	-52.185501	-52.225090	0.478425
73	-51.267853	-51.982883	-52.023406	0.475097
74	-51.267853	-51.874062	-51.895827	0.474198
75	-50.951583	-51.695988	-51.731603	0.472351
76	-50.951583	-51.575679	-51.599741	0.470479
77	-50.575296	-51.475304	-51.495379	0.469554
78	-50.575296	-51.367714	-51.389232	0.467827
79	-50.526695	-51.189184	-51.224890	0.465490
80	-50.410831	-51.028617	-51.060731	0.463877
81	-50.031824	-50.905782	-50.930349	0.462371
82	-50.031824	-50.821259	-50.838163	0.461571
83	-50.031824	-50.741030	-50.757076	0.460420
84	-50.031824	-50.656034	-50.673033	0.459192
85	-49.939883	-50.558474	-50.577986	0.458156
86	-49.869098	-50.468386	-50.486403	0.456319
87	-49.869098	-50.386125	-50.402577	0.455429
88	-49.767864	-50.311081	-50.326089	0.455292
89	-49.638029	-50.213198	-50.232775	0.453754
90	-49.432333	-50.116893	-50.136154	0.452913
91	-49.299104	-50.025025	-50.043399	0.451821
92	-49.109649	-49.923550	-49.943845	0.450605
93	-49.046449	-49.741985	-49.778298	0.449345
94	-48.977966	-49.646244	-49.665392	0.448284
95	-48.649953	-49.495465	-49.525621	0.446459
96	-48.457188	-49.328992	-49.362286	0.443170
97	-48.424303	-49.174000	-49.204998	0.440921
98	-48.424303	-49.082088	-49.100471	0.439621
99	-48.096204	-48.969822	-48.992275	0.437919
100	-48.066358	-48.799951	-48.833926	0.435926
101	-47.989824	-48.628821	-48.663047	0.434318
102	-47.703416	-48.462087	-48.495434	0.432556
103	-47.484979	-48.313874	-48.343517	0.430254
104	-47.484979	-48.215630	-48.235279	0.429211
105	-47.301191	-48.137143	-48.152841	0.429082
106	-47.115361	-48.018738	-48.042419	0.428128
107	-47.115361	-47.861280	-47.892772	0.426651
108	-47.115361	-47.739790	-47.764088	0.426355
109	-47.115361	-47.642457	-47.661924	0.425628
110	-46.892129	-47.503076	-47.530952	0.424512
111	-46.892129	-47.432706	-47.446780	0.423243
112	-46.878144	-47.330566	-47.350994	0.422972
113	-46.792587	-47.243547	-47.260951	0.421676
114	-46.672999	-47.125890	-47.149422	0.420384
115	-46.184360	-46.991860	-47.018666	0.418323
116	-46.184360	-46.936724	-46.947751	0.417483
117	-46.184360	-46.831926	-46.852885	0.416138
118	-46.184360	-46.754946	-46.770342	0.414959
119	-46.095298	-46.657470	-46.676966	0.413050
120	-46.003143	-46.577436	-46.593443	0.412703
121	-45.889946	-46.465676	-46.488028	0.410306
122	-45.889946	-46.371155	-46.390059	0.408818
123	-45.577921	-46.299954	-46.314194	0.407564
124	-45.577921	-46.221147	-46.236909	0.406709
125	-45.577921	-46.150671	-46.164767	0.405439
126	-45.577921	-46.084468	-46.097709	0.404768
127	-45.573399	-46.005812	-46.021544	0.403075
128	-45.480104	-45.913330	-45.931827	0.402683
129	-45.480104	-45.860096	-45.870743	0.402080
130	-45.454191	-45.815178	-45.824162	0.400924
131	-45.293054	-45.736851	-45.752517	0.399478
132	-45.195847	-45.643197	-45.661928	0.397937
133	-45.195847	-45.573464	-45.587410	0.397041
134	-45.126791	-45.496611	-45.511981	0.395284
135	-44.843396	-45.441091	-45.452195	0.394233
136	-44.818970	-45.361369	-45.377314	0.393123
137	-44.818970	-45.280507	-45.296679	0.391987
138	-44.762794	-45.224887	-45.236011	0.390632
139	-44.735240	-45.147072	-45.162635	0.388595
140	-44.695118	-45.055083	-45.073481	0.386655
141	-44.695118	-45.003223	-45.013595	0.385936
142	-44.514985	-44.932132	-44.946350	0.384750
143	-44.422042	-44.874362	-44.885916	0.383391
144	-44.414461	-44.799872	-44.814770	0.382295
145	-44.274513	-44.759581	-44.767639	0.382000
146	-44.225868	-44.684285	-44.699344	0.380722
147	-44.064781	-44.584818	-44.604711	0.379624
148	-44.064781	-44.532554	-44.543007	0.378730
149	-43.957390	-44.428081	-44.448976	0.377463
150	-43.957390	-44.377220	-44.387392	0.376491
151	-43.819499	-44.271355	-44.292528	0.375439
152	-43.790265	-44.202772	-44.216489	0.374842
153	-43.790265	-44.159719	-44.168330	0.374886
154	-43.697384	-44.073944	-44.091099	0.373149
155	-43.697384	-44.018618	-44.029683	0.371871
156	-43.533128	-43.924377	-43.943225	0.370321
157	-43.452647	-43.858612	-43.871765	0.369156
158	-43.398358	-43.763480	-43.782506	0.368401
159	-43.287947	-43.673640	-43.691608	0.366921
160	-43.195558	-43.617660	-43.628856	0.365754
161	-43.195558	-43.555794	-43.568167	0.365124
162	-42.806612	-43.437863	-43.461449	0.363097
163	-42.806612	-43.360384	-43.375879	0.362299
164	-42.806612	-43.316816	-43.325530	0.361991
165	-42.806612	-43.250224	-43.263542	0.361260
166	-42.806612	-43.195478	-43.206427	0.360734
167	-42.806612	-43.125022	-43.139113	0.360056
168	-42.656240	-43.053771	-43.068021	0.358960
169	-42.649233	-42.995464	-43.007125	0.357964
170	-42.649233	-42.952675	-42.961233	0.357365
171	-42.390318	-42.876102	-42.891417	0.356265
172	-42.390318	-42.814425	-42.826761	0.355181
173	-42.251635	-42.735661	-42.751414	0.354178
174	-42.251635	-42.687302	-42.696973	0.353380
175	-42.251635	-42.642303	-42.651302	0.352038
176	-42.223770	-42.581752	-42.593862	0.350687
177	-42.106444	-42.503347	-42.519028	0.348874
178	-41.979513	-42.419395	-42.436185	0.347687
179	-41.979513	-42.359094	-42.371154	0.346376
180	-41.979513	-42.294905	-42.307743	0.345084
181	-41.939068	-42.226407	-42.240107	0.343244
182	-41.882345	-42.177385	-42.187190	0.343110
183	-41.734984	-42.114553	-42.127119	0.342359
184	-41.734984	-42.065291	-42.075143	0.341885
185	-41.530822	-42.011486	-42.022247	0.341683
186	-41.530822	-41.912434	-41.932245	0.340780
187	-41.456123	-41.862880	-41.872791	0.340136
188	-41.443855	-41.809595	-41.820252	0.338587
189	-41.409271	-41.752581	-41.763983	0.337394
190	-41.319694	-41.679702	-41.694278	0.335856
191	-41.303322	-41.583535	-41.602769	0.333802
192	-41.129216	-41.524895	-41.536623	0.332713
193	-41.129216	-41.444208	-41.460345	0.332033
194	-41.022918	-41.360827	-41.377504	0.329960
195	-40.860416	-41.279312	-41.295615	0.328814
196	-40.830666	-41.217886	-41.230171	0.327848
197	-40.815480	-41.137003	-41.153180	0.326509
198	-40.726656	-41.062364	-41.077292	0.325463
199	-40.726656	-40.993240	-41.007065	0.324339
200	-40.609017	-40.927244	-40.940443	0.322922
201	-40.477416	-40.850714	-40.866020	0.321825
202	-40.403939	-40.783040	-40.796574	0.321057
203	-40.361791	-40.726086	-40.737477	0.320323
204	-40.349044	-40.653620	-40.668113	0.319164
205	-39.972043	-40.592632	-40.604829	0.318292
206	-39.972043	-40.509662	-40.526256	0.317384
207	-39.972043	-40.454000	-40.465133	0.316367
208	-39.866153	-40.387335	-40.400668	0.315832
209	-39.866153	-40.322331	-40.335332	0.314022
210	-39.866153	-40.266647	-40.277784	0.312249
211	-39.866153	-40.180945	-40.198085	0.310995
212	-39.748084	-40.089947	-40.108147	0.308912
213	-39.748084	-40.055758	-40.062596	0.307707
214	-39.551998	-39.976992	-39.992745	0.305906
215	-39.551998	-39.935461	-39.943767	0.305147
216	-39.505096	-39.889449	-39.898651	0.304124
217	-39.441469	-39.817050	-39.831530	0.303289
218	-39.441469	-39.773902	-39.782532	0.302641
219	-39.403222	-39.713212	-39.725350	0.301613
220	-39.275761	-39.647300	-39.660482	0.299844
221	-39.275761	-39.584205	-39.596824	0.298275
222	-39.234427	-39.518609	-39.531728	0.296971
223	-38.993540	-39.442193	-39.457476	0.295680
224	-38.993540	-39.381076	-39.393300	0.294513
225	-38.939887	-39.319784	-39.332042	0.292941
226	-38.939887	-39.281716	-39.289329	0.291996
227	-38.772955	-39.205927	-39.221085	0.290321
228	-38.715728	-39.147137	-39.158895	0.289288
229	-38.675624	-39.064424	-39.080967	0.287924
230	-38.542589	-38.973592	-38.991758	0.286216
231	-38.542589	-38.939240	-38.946111	0.285261
232	-38.515044	-38.861976	-38.877429	0.283859
233	-38.444148	-38.803025	-38.814815	0.282522
234	-38.444148	-38.750806	-38.761249	0.281524
235	-38.361550	-38.700006	-38.710166	0.280020
236	-38.293750	-38.663470	-38.670777	0.279535
237	-38.213409	-38.581783	-38.598120	0.278114
238	-38.213409	-38.523589	-38.535228	0.277244
239	-38.213409	-38.479793	-38.488552	0.276038
240	-37.935050	-38.401502	-38.417160	0.274796
241	-37.935050	-38.338517	-38.351114	0.273819
242	-37.935050	-38.282089	-38.293375	0.272509
243	-37.935050	-38.224885	-38.236325	0.271019
244	-37.872928	-38.177338	-38.186847	0.270348
245	-37.496361	-38.096004	-38.112271	0.268428
246	-37.496361	-38.057910	-38.065529	0.267409
247	-37.496361	-37.994240	-38.006974	0.266101
248	-37.496361	-37.943751	-37.953849	0.265063
249	-37.496361	-37.912438	-37.918701	0.263696
250	-37.496361	-37.877974	-37.884867	0.263167
251	-37.496361	-37.842982	-37.849981	0.262282
252	-37.479506	-37.786610	-37.797884	0.261574
253	-37.479506	-37.741263	-37.750332	0.260864
254	-37.367872	-37.697630	-37.706356	0.259593
255	-37.360907	-37.629498	-37.643125	0.257795
256	-37.240744	-37.592293	-37.599734	0.257190
257	-37.240744	-37.531186	-37.543407	0.256024
258	-37.240744	-37.499224	-37.505617	0.255548
259	-37.141567	-37.448096	-37.458322	0.255144
260	-37.087637	-37.399585	-37.409287	0.254364
261	-37.087637	-37.355124	-37.364016	0.253560
262	-36.929082	-37.301259	-37.312032	0.252741
263	-36.929082	-37.240696	-37.252809	0.251641
264	-36.800864	-37.166245	-37.181135	0.250395
265	-36.658931	-37.107156	-37.118974	0.249924
266	-36.658931	-37.069270	-37.076847	0.249800
267	-36.658931	-37.019887	-37.029763	0.249116
268	-36.656173	-36.961985	-36.973565	0.248270
269	-36.602492	-36.910707	-36.920963	0.247547
270	-36.602492	-36.870469	-36.878516	0.246995
271	-36.602492	-36.810345	-36.822370	0.245725
272	-36.495007	-36.753565	-36.764921	0.244751
273	-36.350679	-36.709822	-36.718571	0.243880
274	-36.350679	-36.651774	-36.663383	0.242887
275	-36.350679	-36.610114	-36.618446	0.242113
276	-36.350679	-36.563090	-36.572494	0.241017
277	-36.206511	-36.507839	-36.518889	0.240516
278	-36.134903	-36.449069	-36.460823	0.239773
279	-36.100811	-36.375924	-36.390553	0.238728
280	-36.100811	-36.320678	-36.331727	0.237522
281	-35.799898	-36.242283	-36.257962	0.236268
282	-35.799898	-36.207845	-36.214733	0.235816
283	-35.799898	-36.164316	-36.173022	0.235223
284	-35.765989	-36.091450	-36.106023	0.233775
285	-35.765989	-36.052040	-36.059922	0.233307
286	-35.642609	-36.014755	-36.022212	0.232727
287	-35.642609	-35.984272	-35.990369	0.231788
288	-35.642609	-35.941475	-35.950034	0.230940
289	-35.603456	-35.886067	-35.897149	0.229765
290	-35.603456	-35.854347	-35.860691	0.229251
291	-35.555782	-35.794709	-35.806637	0.228475
292	-35.478235	-35.748379	-35.757645	0.227238
293	-35.478235	-35.698256	-35.708281	0.226686
294	-35.443550	-35.662607	-35.669736	0.226658
295	-35.371298	-35.623675	-35.631461	0.225912
296	-35.252359	-35.570759	-35.581342	0.224777
297	-35.213891	-35.534219	-35.541527	0.224247
298	-35.213891	-35.490381	-35.499149	0.223435
299	-35.213891	-35.438352	-35.448758	0.222307
300	-35.196085	-35.408686	-35.414619	0.222212
301	-35.033649	-35.361914	-35.371268	0.221402
302	-35.033649	-35.312911	-35.322711	0.220724
303	-35.033649	-35.283667	-35.289516	0.220225
304	-34.993249	-35.222976	-35.235114	0.218809
