# GA for labeling mashup boyfriend-girlfriend
# size = 300
# crossover rate = 0.900000
# mutation rate = 0.100000
# optimum = 0.010000
# -------------------------------------------------------------------
# GENERATION   BEST'S FITNESS   AVG FITNESS   EXP WGT AVG   TRUE DIST
1	-65.933381	-67.183789	-67.240921	0.554345
2	-65.774689	-66.908726	-66.963739	0.563475
3	-65.193825	-66.670544	-66.718180	0.570401
4	-64.086261	-66.258765	-66.341121	0.582984
5	-64.086261	-66.008727	-66.058735	0.585514
6	-63.692352	-65.595784	-65.678372	0.587603
7	-63.692352	-65.305849	-65.363836	0.590422
8	-63.070866	-65.033573	-65.088028	0.596080
9	-63.070866	-64.651803	-64.728157	0.606745
10	-63.070866	-64.431253	-64.475363	0.615495
11	-62.828312	-64.286611	-64.315539	0.620880
12	-62.654783	-64.060689	-64.105873	0.627277
13	-62.654783	-64.012397	-64.022055	0.631695
14	-62.199622	-63.689074	-63.753739	0.641820
15	-62.199622	-63.466605	-63.511099	0.650701
16	-61.213349	-63.156938	-63.218872	0.661757
17	-61.213349	-62.903560	-62.954236	0.673349
18	-61.022777	-62.635224	-62.688891	0.683487
19	-61.022777	-62.458603	-62.493927	0.689193
20	-60.893158	-62.234383	-62.279227	0.695207
21	-60.576128	-62.027565	-62.068928	0.702005
22	-60.576128	-61.858470	-61.892289	0.704577
23	-60.576128	-61.814740	-61.823486	0.702830
24	-60.356897	-61.591027	-61.635770	0.705156
25	-59.375511	-61.315743	-61.370800	0.704673
26	-59.375511	-61.013852	-61.074230	0.694599
27	-59.375511	-60.710481	-60.771156	0.681348
28	-59.241573	-60.409762	-60.469906	0.667873
29	-59.099747	-60.169893	-60.217867	0.657578
30	-58.904305	-59.919221	-59.969355	0.647967
31	-58.334434	-59.637088	-59.693515	0.639353
32	-57.991753	-59.346187	-59.404367	0.628302
33	-57.991753	-59.115742	-59.161831	0.620556
34	-57.919846	-58.945165	-58.979280	0.617147
35	-57.547149	-58.775542	-58.809467	0.611963
36	-57.547149	-58.619192	-58.650462	0.608692
37	-57.547149	-58.427608	-58.465925	0.603305
38	-57.162932	-58.256767	-58.290935	0.599108
39	-57.014879	-58.034291	-58.078786	0.594524
40	-56.965432	-57.884567	-57.914512	0.590807
41	-56.603200	-57.750664	-57.777445	0.587587
42	-56.168126	-57.500161	-57.550261	0.583489
43	-56.025718	-57.241915	-57.293564	0.577927
44	-56.025718	-57.012153	-57.058106	0.573926
45	-56.025718	-56.840874	-56.875130	0.571080
46	-55.343951	-56.616006	-56.660980	0.568189
47	-55.291291	-56.349305	-56.402645	0.563047
48	-55.291291	-56.181041	-56.214694	0.560411
49	-54.940989	-55.973411	-56.014937	0.555512
50	-54.940989	-55.955728	-55.959265	0.553917
51	-54.769674	-55.716731	-55.764530	0.550000
52	-54.482840	-55.556031	-55.588171	0.546631
53	-54.482840	-55.368812	-55.406256	0.544765
54	-54.482840	-55.271683	-55.291109	0.541913
55	-54.407828	-55.121134	-55.151243	0.538574
56	-54.259603	-54.952956	-54.986591	0.536514
57	-53.879912	-54.751356	-54.791676	0.534434
58	-53.552337	-54.578069	-54.612726	0.531228
59	-53.400757	-54.346435	-54.392761	0.527270
60	-52.954257	-54.114739	-54.161078	0.524040
61	-52.954257	-54.006376	-54.028049	0.522506
62	-52.577083	-53.822914	-53.859607	0.519622
63	-52.577083	-53.697720	-53.722759	0.517157
64	-52.577083	-53.503920	-53.542680	0.514573
65	-52.577083	-53.427089	-53.442455	0.511745
66	-52.152039	-53.335349	-53.353697	0.509852
67	-52.152039	-53.150155	-53.187194	0.506343
68	-52.152039	-53.062574	-53.080090	0.504834
69	-52.152039	-52.953934	-52.975662	0.503396
70	-52.049515	-52.788823	-52.821845	0.500766
71	-51.413729	-52.661111	-52.686654	0.498818
72	-51.413729	-52.574315	-52.591674	0.497131
73	-51.413729	-52.475721	-52.495440	0.495449
74	-51.413729	-52.405129	-52.419248	0.494929
75	-51.413729	-52.301478	-52.322208	0.493117
76	-51.413729	-52.207539	-52.226327	0.491059
77	-51.413729	-52.081454	-52.106671	0.488884
78	-51.245822	-51.925013	-51.956301	0.486505
79	-50.920356	-51.792920	-51.819338	0.484827
80	-50.673033	-51.604538	-51.642215	0.482217
81	-50.673033	-51.444166	-51.476241	0.479854
82	-50.618479	-51.307070	-51.334490	0.477775
83	-50.618479	-51.215579	-51.233878	0.477400
84	-50.618479	-51.144874	-51.159015	0.476642
85	-50.618479	-51.036648	-51.058293	0.474460
86	-50.351102	-50.896586	-50.924599	0.472138
87	-50.226852	-50.769491	-50.794910	0.470011
88	-49.797191	-50.596272	-50.630916	0.468499
89	-49.797191	-50.501387	-50.520364	0.466489
90	-49.772635	-50.381972	-50.405855	0.465185
91	-49.737608	-50.306675	-50.321734	0.464642
92	-49.664098	-50.220045	-50.237371	0.462596
93	-49.515771	-50.128119	-50.146504	0.462385
94	-49.501936	-50.037161	-50.055353	0.461054
95	-49.473536	-49.967858	-49.981719	0.460142
96	-49.111827	-49.870267	-49.889785	0.458460
97	-49.111827	-49.783160	-49.800582	0.457106
98	-48.547456	-49.638161	-49.667161	0.455344
99	-48.547456	-49.546612	-49.564922	0.454124
100	-48.547456	-49.411309	-49.438370	0.451428
101	-48.479481	-49.271440	-49.299414	0.448078
102	-48.479481	-49.161638	-49.183598	0.446284
103	-48.479481	-49.066408	-49.085454	0.444892
104	-48.400981	-48.963490	-48.984073	0.443127
105	-48.343136	-48.861065	-48.881550	0.441323
106	-48.044982	-48.731286	-48.757241	0.438431
107	-48.044982	-48.646439	-48.663409	0.437401
108	-47.768222	-48.511937	-48.538837	0.436861
109	-47.703518	-48.394969	-48.418363	0.434865
110	-47.578824	-48.239616	-48.270687	0.432644
111	-47.490909	-48.079400	-48.111443	0.430368
112	-47.490909	-47.998953	-48.015043	0.429477
113	-47.243850	-47.882170	-47.905527	0.427232
114	-47.243850	-47.806294	-47.821469	0.426881
115	-47.100975	-47.677932	-47.703604	0.425985
116	-46.995398	-47.604254	-47.618990	0.425236
117	-46.995398	-47.500555	-47.521295	0.423938
118	-46.839673	-47.431886	-47.445620	0.422619
119	-46.839673	-47.361182	-47.375323	0.420953
120	-46.441241	-47.259456	-47.279801	0.419377
121	-46.441241	-47.149980	-47.171875	0.418397
122	-46.423180	-47.028438	-47.052747	0.416612
123	-46.423180	-46.965906	-46.978413	0.415592
124	-46.289339	-46.867886	-46.887490	0.413842
125	-45.862306	-46.731005	-46.758381	0.411652
126	-45.862306	-46.625490	-46.646593	0.410205
127	-45.862306	-46.548465	-46.563870	0.409102
128	-45.862306	-46.454813	-46.473544	0.407625
129	-45.741891	-46.365227	-46.383145	0.406340
130	-45.741891	-46.283996	-46.300242	0.405136
131	-45.663906	-46.188058	-46.207246	0.403362
132	-45.663906	-46.138940	-46.148764	0.403201
133	-45.498334	-46.041794	-46.061224	0.401242
134	-45.420753	-45.952568	-45.970413	0.399528
135	-45.420753	-45.883258	-45.897120	0.398186
136	-45.353356	-45.817687	-45.830801	0.397123
137	-45.220997	-45.753704	-45.766501	0.396441
138	-45.183695	-45.687594	-45.700816	0.395097
139	-45.100381	-45.581971	-45.603096	0.394186
140	-44.847113	-45.477569	-45.498450	0.392369
141	-44.824731	-45.388222	-45.406092	0.390790
142	-44.770754	-45.327804	-45.339888	0.389823
143	-44.770754	-45.256071	-45.270417	0.388597
144	-44.684035	-45.134494	-45.158810	0.387334
145	-44.609209	-45.069036	-45.082128	0.386762
146	-44.609209	-45.026559	-45.035054	0.386234
147	-44.364726	-44.946992	-44.962905	0.385160
148	-44.225577	-44.853234	-44.871986	0.384392
149	-44.225577	-44.797917	-44.808980	0.384092
150	-44.225577	-44.693604	-44.714467	0.382346
151	-44.127797	-44.605796	-44.623358	0.381726
152	-44.102638	-44.555268	-44.565373	0.380970
153	-43.994661	-44.462419	-44.480989	0.380099
154	-43.967848	-44.401757	-44.413890	0.379546
155	-43.951327	-44.319781	-44.336176	0.378403
156	-43.808606	-44.248303	-44.262598	0.377685
157	-43.808606	-44.157436	-44.175609	0.376559
158	-43.555309	-44.075916	-44.092220	0.375656
159	-43.555273	-43.965220	-43.987359	0.373400
160	-43.442093	-43.870508	-43.889450	0.372112
161	-43.377332	-43.834277	-43.841523	0.371674
162	-43.357187	-43.764447	-43.778413	0.370391
163	-43.296587	-43.677484	-43.694877	0.369377
164	-43.296587	-43.626939	-43.637048	0.368866
165	-43.234061	-43.568232	-43.579973	0.367929
166	-43.234061	-43.509111	-43.520935	0.366533
167	-43.156327	-43.436586	-43.451091	0.365377
168	-42.948305	-43.373081	-43.385782	0.364028
169	-42.913842	-43.298714	-43.313587	0.362944
170	-42.831518	-43.217926	-43.234083	0.361661
171	-42.644550	-43.129138	-43.146896	0.359327
172	-42.623183	-43.054726	-43.069608	0.358530
173	-42.621467	-42.999343	-43.010420	0.357844
174	-42.555143	-42.922218	-42.937643	0.356818
175	-42.463338	-42.862836	-42.874713	0.355997
176	-42.375204	-42.794976	-42.808548	0.354817
177	-42.325198	-42.724869	-42.738890	0.354103
178	-42.325198	-42.676153	-42.685896	0.353319
179	-42.203112	-42.629266	-42.638643	0.352622
180	-42.141562	-42.580169	-42.589988	0.351747
181	-42.141562	-42.533577	-42.542896	0.350926
182	-42.141562	-42.453615	-42.469608	0.349559
183	-42.021954	-42.381787	-42.396153	0.348980
184	-41.895049	-42.287107	-42.306043	0.347643
185	-41.833022	-42.220077	-42.233483	0.346175
186	-41.833022	-42.164877	-42.175917	0.345511
187	-41.815877	-42.119934	-42.128923	0.344719
188	-41.778292	-42.075079	-42.084050	0.343548
189	-41.601336	-41.995880	-42.011719	0.341933
190	-41.601336	-41.938480	-41.949960	0.340081
191	-41.346255	-41.906351	-41.912777	0.339697
192	-41.346255	-41.857264	-41.867081	0.339088
193	-41.346255	-41.786135	-41.800361	0.337899
194	-41.346255	-41.725476	-41.737608	0.337121
195	-41.149684	-41.638699	-41.656055	0.335461
196	-41.149684	-41.589278	-41.599163	0.334814
197	-41.149684	-41.543062	-41.552305	0.333910
198	-41.149684	-41.487897	-41.498930	0.333299
199	-41.149684	-41.438933	-41.448726	0.332959
200	-41.013849	-41.363310	-41.378434	0.331506
201	-40.854225	-41.277644	-41.294777	0.330269
202	-40.854225	-41.230653	-41.240051	0.329363
203	-40.854225	-41.190131	-41.198235	0.328973
204	-40.854225	-41.120502	-41.134428	0.328123
205	-40.725094	-41.079889	-41.088012	0.327563
206	-40.725094	-41.035416	-41.044311	0.326928
207	-40.492594	-40.982154	-40.992807	0.325806
208	-40.492594	-40.935485	-40.944819	0.324838
209	-40.492594	-40.891476	-40.900278	0.324085
210	-40.492594	-40.887433	-40.888242	0.323908
