# GA for labeling mashup boyfriend-girlfriend
# size = 300
# max generations = 100
# crossover rate = 0.900000
# mutation rate = 0.100000
# optimum = 0.010000
# -----------------------------------------
# GENERATION   BEST'S FITNESS   AVG FITNESS
1	-67.746263	-69.103885
2	-66.613654	-68.698452
3	-66.454995	-68.262547
4	-66.454995	-68.049698
5	-66.018998	-67.609600
6	-66.018998	-67.383622
7	-65.615829	-67.016142
8	-65.615829	-66.832146
9	-65.353393	-66.558167
10	-64.709730	-66.192613
11	-64.519045	-65.845442
12	-63.894038	-65.490922
13	-63.894038	-65.218064
14	-63.728943	-64.867375
15	-62.832628	-64.485761
16	-62.419673	-64.162671
17	-62.049200	-63.733524
18	-61.832311	-63.384190
19	-61.516714	-63.068895
20	-61.516714	-62.919306
21	-61.376486	-62.744908
22	-60.975317	-62.449062
23	-60.975317	-62.176019
24	-60.265453	-61.973204
25	-60.265453	-61.659070
26	-60.265453	-61.517912
27	-59.958780	-61.231430
28	-59.958780	-61.092763
29	-59.855699	-60.861815
30	-59.514616	-60.724460
31	-59.458855	-60.567559
32	-59.422820	-60.399061
33	-59.113308	-60.146419
34	-59.113308	-60.016297
35	-58.544332	-59.784477
36	-58.544332	-59.637861
37	-58.424239	-59.505790
38	-58.136889	-59.265035
39	-58.136889	-59.129787
40	-57.690240	-58.882388
41	-57.690240	-58.773310
42	-57.428246	-58.576492
43	-57.218558	-58.362711
44	-56.923621	-58.166905
45	-56.923621	-58.059781
46	-56.923621	-57.917870
47	-56.923621	-57.851591
48	-56.923621	-57.740696
49	-56.715013	-57.524825
50	-56.715013	-57.401585
51	-56.157351	-57.223699
52	-56.157351	-57.091122
53	-55.976958	-56.881579
54	-55.976958	-56.768078
55	-55.242721	-56.625990
56	-55.242721	-56.459447
57	-55.242721	-56.361430
58	-55.242721	-56.225880
59	-55.242721	-56.061323
60	-54.824651	-55.936818
61	-54.824651	-55.831186
62	-54.590717	-55.720571
63	-54.590717	-55.573362
64	-54.590717	-55.465347
65	-54.590717	-55.345598
66	-54.583504	-55.212143
67	-54.583504	-55.091827
68	-54.160387	-54.976383
69	-54.160387	-54.885615
70	-53.717264	-54.708310
71	-53.717264	-54.583776
72	-53.538649	-54.434834
73	-53.538649	-54.255890
74	-53.442828	-54.152018
75	-53.442828	-54.032918
76	-53.442828	-53.926473
77	-53.223116	-53.825146
78	-52.984720	-53.719108
79	-52.984720	-53.598958
80	-52.914980	-53.485327
81	-52.914980	-53.397640
82	-52.730457	-53.315585
83	-52.551140	-53.214969
84	-52.366274	-53.117061
85	-52.366274	-52.983959
86	-52.231044	-52.890145
87	-52.177258	-52.766514
88	-51.950108	-52.659689
89	-51.708822	-52.544545
90	-51.253473	-52.368476
91	-51.253473	-52.281317
92	-51.253473	-52.204989
93	-51.253473	-52.106581
94	-51.253473	-52.028972
95	-51.253473	-51.952056
96	-50.966464	-51.852799
97	-50.800072	-51.703111
98	-50.800072	-51.651139
99	-50.800072	-51.522331
100	-50.800072	-51.424280
101	-50.800072	-51.307591
102	-50.580798	-51.222609
103	-50.288102	-51.092721
104	-50.288102	-51.029988
105	-50.288102	-50.964540
106	-50.288102	-50.894121
107	-50.282849	-50.831116
108	-50.152129	-50.703464
109	-50.101394	-50.607533
110	-50.061026	-50.500344
111	-49.830613	-50.399524
112	-49.674593	-50.291277
113	-49.674593	-50.200081
114	-49.528045	-50.090432
115	-49.528045	-50.032380
116	-49.194244	-49.913005
117	-49.194244	-49.851292
118	-49.194244	-49.764150
119	-49.194244	-49.647613
120	-48.803568	-49.541215
121	-48.803568	-49.455897
122	-48.803568	-49.374793
123	-48.740551	-49.275326
124	-48.679690	-49.205443
125	-48.516899	-49.092371
126	-48.516899	-49.009888
127	-48.367182	-48.882195
128	-48.367182	-48.827916
129	-48.221453	-48.723793
130	-48.221453	-48.675366
131	-48.220832	-48.576259
132	-48.081616	-48.469338
133	-47.931733	-48.419412
134	-47.770412	-48.306072
135	-47.770412	-48.197283
136	-47.441576	-48.078120
137	-47.383081	-47.964107
138	-47.383081	-47.909444
139	-47.236889	-47.795935
140	-47.236889	-47.699716
141	-47.224580	-47.611208
142	-47.138584	-47.534574
143	-46.784018	-47.430400
144	-46.784018	-47.378064
145	-46.686449	-47.281497
146	-46.686449	-47.213563
147	-46.686449	-47.160340
148	-46.686449	-47.104757
149	-46.516363	-47.037470
150	-46.516363	-46.979556
151	-46.333795	-46.915996
152	-46.289065	-46.812678
153	-46.289065	-46.725174
154	-46.254221	-46.646773
155	-45.989449	-46.578456
156	-45.989449	-46.534353
157	-45.974443	-46.459030
158	-45.910766	-46.368474
159	-45.709677	-46.250600
160	-45.709677	-46.192958
161	-45.624791	-46.117004
162	-45.421288	-46.059697
163	-45.421288	-45.979760
164	-45.421288	-45.915276
165	-45.362090	-45.812440
166	-45.362090	-45.748755
167	-45.288969	-45.648685
168	-45.235451	-45.568759
169	-45.159042	-45.506236
170	-44.878663	-45.439639
171	-44.878663	-45.343356
172	-44.812897	-45.296916
173	-44.812897	-45.213818
174	-44.765812	-45.155277
175	-44.765812	-45.109685
176	-44.733277	-45.050000
177	-44.696618	-44.981411
178	-44.638902	-44.918988
179	-44.555348	-44.866055
180	-44.553552	-44.820270
181	-44.316170	-44.746925
182	-44.316170	-44.665312
183	-44.243149	-44.604538
184	-44.243149	-44.561075
185	-44.243149	-44.530596
186	-44.241122	-44.494814
187	-44.099787	-44.421973
188	-44.087532	-44.375419
189	-44.081881	-44.320888
190	-43.939200	-44.260392
191	-43.939200	-44.236428
192	-43.931174	-44.200619
193	-43.848042	-44.167065
194	-43.710586	-44.127970
195	-43.710586	-44.064539
196	-43.613230	-44.004673
197	-43.613230	-43.938024
198	-43.613230	-43.911422
199	-43.613230	-43.867889
200	-43.584531	-43.833690
201	-43.584531	-43.793089
202	-43.525064	-43.756007
203	-43.276366	-43.687415
204	-43.276366	-43.648061
205	-43.128894	-43.574644
206	-43.128894	-43.533890
207	-43.128894	-43.495051
208	-43.128894	-43.438513
209	-43.128894	-43.382369
210	-43.123386	-43.345501
211	-42.982641	-43.274010
212	-42.917712	-43.214693
213	-42.917712	-43.159579
214	-42.917712	-43.119240
215	-42.827893	-43.081653
216	-42.827893	-43.038574
217	-42.570700	-42.976170
218	-42.562745	-42.898840
219	-42.562745	-42.864584
220	-42.562745	-42.807044
221	-42.515184	-42.773668
222	-42.398046	-42.705601
223	-42.398046	-42.638578
224	-42.356863	-42.599069
225	-42.356863	-42.559961
226	-42.225464	-42.503123
227	-42.225464	-42.476082
228	-42.163080	-42.424153
229	-42.090828	-42.379239
230	-42.090828	-42.346721
231	-42.090828	-42.284986
232	-42.062036	-42.238911
233	-41.981379	-42.178682
234	-41.934665	-42.132650
235	-41.843201	-42.086183
236	-41.654302	-42.028308
237	-41.654302	-41.969413
238	-41.654302	-41.936589
239	-41.571025	-41.885357
240	-41.509206	-41.844596
241	-41.491772	-41.805332
242	-41.456368	-41.745345
243	-41.408942	-41.711175
244	-41.363143	-41.659798
245	-41.322130	-41.601976
246	-41.162912	-41.537292
247	-41.162912	-41.507722
248	-41.162912	-41.476427
249	-41.162912	-41.437396
250	-41.148442	-41.393148
251	-41.104761	-41.359100
252	-41.104761	-41.329445
253	-41.104761	-41.286956
254	-41.043708	-41.249374
255	-40.985014	-41.206705
256	-40.929966	-41.163647
257	-40.851408	-41.119389
258	-40.851408	-41.090925
259	-40.848510	-41.052363
260	-40.841546	-41.010989
261	-40.803125	-40.972672
262	-40.727434	-40.936574
263	-40.694621	-40.909672
264	-40.626063	-40.854856
265	-40.571642	-40.814657
266	-40.571642	-40.783719
267	-40.571642	-40.755243
268	-40.552334	-40.721113
269	-40.504499	-40.692081
270	-40.435760	-40.647961
