# GA for labeling mashup boyfriend-girlfriend
# size = 300
# crossover rate = 0.900000
# mutation rate = 0.100000
# optimum = 0.010000
# -------------------------------------------------------------------
# GENERATION   BEST'S FITNESS   AVG FITNESS   EXP WGT AVG   TRUE DIST
1	-65.237937	-67.103175	-67.173725	0.555984
2	-64.309800	-66.700610	-66.781123	0.566571
3	-64.309800	-66.491451	-66.533283	0.573590
4	-64.309800	-66.174150	-66.237610	0.583376
5	-64.063480	-65.907446	-65.960787	0.585517
6	-64.063480	-65.583529	-65.648312	0.586002
7	-63.083527	-65.287040	-65.346338	0.588810
8	-63.083527	-64.876659	-64.958735	0.597726
9	-63.083527	-64.663990	-64.706524	0.603420
10	-63.083527	-64.436636	-64.482107	0.611225
11	-62.495991	-64.064879	-64.139230	0.624033
12	-62.314403	-63.814176	-63.864317	0.631399
13	-62.017038	-63.603571	-63.645692	0.639520
14	-61.897327	-63.432897	-63.467032	0.647318
15	-61.878988	-63.143744	-63.201574	0.658271
16	-60.849114	-62.835425	-62.897088	0.669471
17	-60.849114	-62.634537	-62.674714	0.675528
18	-60.632639	-62.348180	-62.405451	0.687110
19	-59.853094	-62.022027	-62.087257	0.698534
20	-59.853094	-61.833464	-61.871176	0.703488
21	-59.853094	-61.490010	-61.558700	0.704809
22	-59.853094	-61.148151	-61.216523	0.699573
23	-59.482977	-60.974832	-61.009496	0.696024
24	-59.341905	-60.691050	-60.747807	0.685338
25	-59.341905	-60.519416	-60.553743	0.677828
26	-59.320156	-60.348476	-60.382664	0.670965
27	-58.795853	-60.141014	-60.182506	0.663153
28	-58.773743	-59.922692	-59.966356	0.654817
29	-58.684767	-59.720332	-59.760804	0.647312
30	-58.512960	-59.505468	-59.548441	0.640041
31	-58.066155	-59.224677	-59.280835	0.628840
32	-57.993417	-58.991304	-59.037978	0.621547
33	-56.945286	-58.748445	-58.797017	0.615036
34	-56.694109	-58.428307	-58.492335	0.607949
35	-56.694109	-58.250212	-58.285831	0.604603
36	-56.694109	-58.051846	-58.091519	0.600762
37	-56.492488	-57.782251	-57.836170	0.594368
38	-56.085102	-57.611264	-57.645461	0.590590
39	-56.085102	-57.479302	-57.505695	0.587902
40	-56.085102	-57.169967	-57.231834	0.582663
41	-55.935847	-56.896229	-56.950976	0.576931
42	-55.935847	-56.773719	-56.798221	0.573747
43	-55.680744	-56.612909	-56.645071	0.570442
44	-55.161722	-56.399627	-56.442283	0.566808
45	-55.161722	-56.237875	-56.270225	0.563197
46	-55.161722	-56.071980	-56.105159	0.559580
47	-55.022595	-55.928995	-55.957592	0.557173
48	-55.022595	-55.828053	-55.848242	0.554869
49	-54.821592	-55.601971	-55.647188	0.549877
50	-54.482635	-55.483615	-55.507287	0.547764
51	-54.482635	-55.383895	-55.403839	0.546191
52	-54.482635	-55.277876	-55.299080	0.544400
53	-53.936731	-55.150004	-55.175579	0.541825
54	-53.635468	-54.935525	-54.978421	0.537567
55	-53.635468	-54.800413	-54.827436	0.534979
56	-53.145963	-54.577661	-54.622211	0.531174
57	-53.145963	-54.438847	-54.466610	0.528763
58	-53.145963	-54.304279	-54.331192	0.526939
59	-52.999659	-54.187352	-54.210737	0.524895
60	-52.999659	-54.059813	-54.085321	0.522508
61	-52.790873	-53.934164	-53.959294	0.520751
62	-52.790873	-53.841801	-53.860274	0.519798
63	-52.790873	-53.710777	-53.736982	0.517497
64	-52.790873	-53.591321	-53.615212	0.515904
65	-52.471193	-53.404922	-53.442202	0.513175
66	-52.159829	-53.244665	-53.276716	0.510412
67	-52.159829	-53.062329	-53.098797	0.506866
68	-52.159829	-52.871261	-52.909475	0.504177
69	-52.159829	-52.755053	-52.778295	0.502189
70	-51.886365	-52.579225	-52.614390	0.498705
71	-51.534315	-52.445405	-52.472169	0.496495
72	-51.534315	-52.322176	-52.346822	0.494602
73	-51.255502	-52.166892	-52.197949	0.492071
74	-51.021897	-51.987661	-52.023507	0.489698
75	-51.021897	-51.889755	-51.909336	0.487974
76	-50.912115	-51.697853	-51.736233	0.485204
77	-50.912115	-51.614241	-51.630963	0.483518
78	-50.815080	-51.461878	-51.492351	0.481399
79	-50.440007	-51.314519	-51.343991	0.479317
80	-50.440007	-51.248112	-51.261393	0.478254
81	-50.440007	-51.161668	-51.178957	0.476314
82	-50.374528	-51.020144	-51.048449	0.474592
83	-50.344602	-50.921156	-50.940953	0.472846
84	-50.093125	-50.819018	-50.839446	0.471586
85	-50.093125	-50.698398	-50.722522	0.470240
86	-50.093125	-50.687673	-50.689818	0.469233
87	-50.093125	-50.609900	-50.625455	0.467968
88	-49.997504	-50.474654	-50.501704	0.468142
89	-49.743765	-50.357408	-50.380857	0.466823
90	-49.743765	-50.264685	-50.283229	0.465179
91	-49.616820	-50.176328	-50.194000	0.463900
92	-49.616820	-50.093621	-50.110163	0.463265
93	-49.467042	-50.007719	-50.024899	0.462504
94	-49.467042	-49.959092	-49.968817	0.461727
95	-49.467042	-49.899324	-49.911277	0.461565
96	-49.378903	-49.798875	-49.818964	0.461525
97	-49.297126	-49.733136	-49.746284	0.461217
98	-49.250968	-49.642402	-49.660549	0.460889
99	-49.109413	-49.543613	-49.563371	0.460227
100	-49.063279	-49.471556	-49.485967	0.459746
101	-48.799714	-49.384066	-49.401564	0.458403
102	-48.799714	-49.305247	-49.321011	0.457225
103	-48.799714	-49.264161	-49.272378	0.454933
104	-48.642032	-49.157420	-49.178768	0.453864
105	-48.331509	-49.060868	-49.080179	0.452263
106	-48.195815	-48.939899	-48.964093	0.449951
107	-48.195815	-48.841275	-48.861000	0.449193
108	-48.195815	-48.726663	-48.749585	0.447241
109	-48.022225	-48.606488	-48.630523	0.446234
110	-48.022225	-48.507535	-48.527325	0.443712
111	-47.748485	-48.436450	-48.450667	0.442337
112	-47.748485	-48.315742	-48.339884	0.439851
113	-47.732783	-48.222455	-48.241113	0.438869
114	-47.696590	-48.155967	-48.169265	0.437267
115	-47.696590	-48.091639	-48.104504	0.436310
116	-47.696590	-48.027374	-48.040227	0.435744
117	-47.515873	-47.913584	-47.936342	0.433160
118	-47.451759	-47.822856	-47.841002	0.430571
119	-47.370743	-47.751993	-47.766166	0.429846
120	-47.263080	-47.656305	-47.675443	0.428712
121	-47.123147	-47.577910	-47.593589	0.427819
122	-47.041668	-47.473678	-47.494524	0.425320
123	-46.883537	-47.370097	-47.390813	0.423566
124	-46.876824	-47.265077	-47.286081	0.422548
125	-46.769390	-47.153696	-47.175972	0.420422
126	-46.673139	-47.089034	-47.101967	0.420006
127	-46.605238	-46.995086	-47.013876	0.418661
128	-46.514553	-46.930646	-46.943534	0.418346
129	-46.514553	-46.867562	-46.880179	0.417494
130	-46.392121	-46.773810	-46.792560	0.416101
131	-46.392121	-46.721107	-46.731647	0.414606
132	-46.195365	-46.633282	-46.650847	0.413683
133	-46.195365	-46.589883	-46.598563	0.413188
134	-46.195365	-46.528815	-46.541029	0.413388
135	-46.163376	-46.477469	-46.487738	0.412831
136	-46.039899	-46.398360	-46.414182	0.411849
137	-45.791002	-46.320049	-46.335711	0.412660
138	-45.791002	-46.236655	-46.253334	0.412019
139	-45.791002	-46.183758	-46.194337	0.410519
140	-45.765374	-46.139400	-46.148271	0.410386
141	-45.544560	-46.061779	-46.077303	0.409122
142	-45.544560	-45.987708	-46.002522	0.408559
143	-45.544560	-45.930805	-45.942186	0.407751
144	-45.544560	-45.877011	-45.887770	0.407675
145	-45.237810	-45.780386	-45.799711	0.405806
146	-45.219407	-45.710458	-45.724444	0.405019
147	-45.219407	-45.648302	-45.660733	0.404846
148	-45.132113	-45.599744	-45.609455	0.403470
149	-45.127058	-45.498655	-45.518873	0.402843
150	-45.101982	-45.428594	-45.442606	0.402824
151	-44.986478	-45.335041	-45.353752	0.402353
152	-44.923780	-45.271979	-45.284592	0.401131
153	-44.923152	-45.223338	-45.233066	0.400837
154	-44.817827	-45.172231	-45.182452	0.400183
155	-44.690963	-45.095413	-45.110777	0.398799
156	-44.682099	-45.046195	-45.056038	0.397601
157	-44.682099	-44.986494	-44.998434	0.396817
158	-44.631462	-44.937787	-44.947529	0.395735
159	-44.430929	-44.874376	-44.887058	0.395108
160	-44.265682	-44.779545	-44.798512	0.393695
161	-44.265682	-44.735886	-44.744618	0.392401
162	-44.150933	-44.645265	-44.663389	0.390876
163	-44.150933	-44.594270	-44.604469	0.389724
164	-44.150933	-44.503900	-44.521974	0.388566
165	-44.131616	-44.458371	-44.467477	0.387726
166	-44.015987	-44.367442	-44.385628	0.386852
167	-43.983971	-44.308148	-44.320007	0.386214
168	-43.823582	-44.248502	-44.260431	0.385144
169	-43.823582	-44.203869	-44.212795	0.384588
170	-43.586175	-44.131133	-44.145680	0.383227
171	-43.586175	-44.055157	-44.070352	0.382256
172	-43.586175	-43.960818	-43.979686	0.380715
173	-43.586175	-43.905934	-43.916911	0.380324
174	-43.487382	-43.846388	-43.858297	0.378326
175	-43.323728	-43.754268	-43.772692	0.377377
176	-43.323728	-43.700645	-43.711369	0.376643
177	-43.251534	-43.629704	-43.643892	0.375060
178	-43.251534	-43.576822	-43.587398	0.374146
179	-43.187381	-43.524069	-43.534620	0.373452
180	-43.120980	-43.468310	-43.479462	0.372634
181	-43.080558	-43.419399	-43.429181	0.372219
182	-42.969698	-43.327043	-43.345514	0.370117
183	-42.848573	-43.276397	-43.286526	0.368940
184	-42.848573	-43.212560	-43.225327	0.367554
185	-42.828511	-43.137085	-43.152180	0.365888
186	-42.828511	-43.092406	-43.101342	0.365763
187	-42.595494	-42.996471	-43.015658	0.365177
188	-42.595494	-42.931620	-42.944590	0.363434
189	-42.284574	-42.831900	-42.851844	0.362081
190	-42.284574	-42.745095	-42.762456	0.360990
191	-42.284574	-42.686563	-42.698269	0.360289
192	-42.186583	-42.633496	-42.644109	0.359079
193	-42.186583	-42.576420	-42.587835	0.358438
194	-42.075968	-42.484021	-42.502501	0.357140
195	-42.005823	-42.427477	-42.438786	0.355793
196	-42.005823	-42.377690	-42.387647	0.355145
197	-41.939731	-42.329304	-42.338981	0.354088
198	-41.889895	-42.278906	-42.288986	0.353041
199	-41.871651	-42.229959	-42.239748	0.352562
200	-41.734562	-42.129139	-42.149303	0.351034
201	-41.403719	-42.040634	-42.058335	0.349679
202	-41.403719	-41.954889	-41.972038	0.348469
203	-41.403719	-41.867147	-41.884695	0.347466
204	-41.329957	-41.767281	-41.787254	0.345858
205	-41.094247	-41.706100	-41.718336	0.344575
206	-41.094247	-41.627453	-41.643182	0.342577
207	-41.094247	-41.588491	-41.596284	0.340648
208	-41.022137	-41.536931	-41.547243	0.339849
209	-40.996239	-41.453830	-41.470450	0.338497
210	-40.996239	-41.397421	-41.408703	0.337486
211	-40.928706	-41.329154	-41.342808	0.337190
212	-40.864982	-41.245723	-41.262410	0.335709
213	-40.844288	-41.205367	-41.213439	0.335292
214	-40.713253	-41.157847	-41.167351	0.334369
215	-40.713253	-41.095486	-41.107958	0.333235
216	-40.713253	-41.050113	-41.059187	0.333775
217	-40.684442	-40.986346	-40.999100	0.332612
218	-40.606417	-40.925369	-40.937564	0.332031
219	-40.416525	-40.837903	-40.855396	0.329927
220	-40.416525	-40.740670	-40.760117	0.328956
221	-40.070611	-40.644835	-40.664002	0.327906
222	-40.070611	-40.582680	-40.595111	0.326642
223	-40.070611	-40.523211	-40.535104	0.325731
224	-40.043153	-40.443477	-40.459424	0.324439
225	-40.043153	-40.396711	-40.406064	0.323824
226	-40.037434	-40.340362	-40.351632	0.322189
227	-39.824278	-40.289024	-40.299292	0.321415
228	-39.824278	-40.230825	-40.242464	0.320392
229	-39.805807	-40.183757	-40.193171	0.319497
230	-39.767739	-40.112972	-40.127129	0.318906
231	-39.730749	-40.066324	-40.075654	0.318436
232	-39.721841	-40.020628	-40.029767	0.317664
233	-39.692028	-39.983679	-39.991069	0.317098
234	-39.692028	-39.943038	-39.951166	0.316300
235	-39.540073	-39.869855	-39.884492	0.315293
236	-39.369668	-39.807861	-39.820260	0.313777
237	-39.304813	-39.740720	-39.754148	0.312846
238	-39.105384	-39.655549	-39.672583	0.310524
239	-39.105384	-39.610877	-39.619811	0.310141
240	-39.105384	-39.554196	-39.565533	0.308846
241	-39.105384	-39.509032	-39.518065	0.308143
242	-39.090321	-39.456118	-39.466700	0.306575
243	-39.090321	-39.420309	-39.427471	0.305552
244	-39.057050	-39.353160	-39.366590	0.304283
245	-38.991774	-39.306304	-39.315676	0.303495
246	-38.906445	-39.253699	-39.264220	0.302612
247	-38.864049	-39.198094	-39.209215	0.301599
248	-38.864049	-39.165340	-39.171891	0.301178
249	-38.864049	-39.127120	-39.134764	0.300102
250	-38.792532	-39.056232	-39.070410	0.298434
251	-38.691171	-39.020737	-39.027836	0.298082
252	-38.691171	-38.972201	-38.981908	0.297070
253	-38.586265	-38.934629	-38.942144	0.296337
254	-38.531019	-38.863700	-38.877886	0.294706
255	-38.488120	-38.799446	-38.812297	0.293586
256	-38.488120	-38.759143	-38.767204	0.293145
257	-38.391442	-38.709621	-38.719525	0.292353
258	-38.296225	-38.658895	-38.669040	0.291130
259	-38.296225	-38.611143	-38.620693	0.289886
260	-38.296225	-38.576175	-38.583168	0.288838
261	-38.296225	-38.533405	-38.541959	0.287739
262	-38.172330	-38.475133	-38.486787	0.285821
263	-38.172330	-38.433099	-38.441505	0.284550
264	-38.052674	-38.394685	-38.402368	0.284370
265	-38.052674	-38.357966	-38.365310	0.283504
266	-37.955377	-38.289380	-38.303097	0.282929
267	-37.955377	-38.248728	-38.256858	0.281824
268	-37.955377	-38.221028	-38.226568	0.281135
269	-37.955377	-38.163782	-38.175231	0.280163
270	-37.911508	-38.117102	-38.126438	0.279271
271	-37.744337	-38.056544	-38.068656	0.277884
272	-37.744337	-38.006037	-38.016139	0.277399
273	-37.744337	-37.966307	-37.974253	0.276769
274	-37.635473	-37.902102	-37.914943	0.275421
275	-37.635473	-37.880136	-37.884529	0.275030
276	-37.571928	-37.846357	-37.853112	0.274438
277	-37.571928	-37.810004	-37.817275	0.273501
278	-37.517484	-37.777446	-37.783957	0.272732
279	-37.517484	-37.740513	-37.747900	0.272237
280	-37.464794	-37.671201	-37.685063	0.270937
281	-37.196300	-37.617028	-37.627862	0.269560
282	-37.196300	-37.552233	-37.565192	0.268393
283	-37.196300	-37.518718	-37.525421	0.267682
284	-37.196300	-37.484999	-37.491743	0.267099
285	-37.135826	-37.448560	-37.455848	0.266385
286	-37.135826	-37.409589	-37.417383	0.264994
287	-37.098986	-37.363964	-37.373089	0.264502
288	-36.999721	-37.323102	-37.331274	0.263908
289	-36.919362	-37.272744	-37.282816	0.262900
290	-36.919362	-37.235384	-37.242856	0.262246
291	-36.898939	-37.201517	-37.208290	0.261673
292	-36.763009	-37.143642	-37.155217	0.259907
293	-36.763009	-37.111903	-37.118251	0.259578
294	-36.726388	-37.042719	-37.056556	0.258156
295	-36.715843	-36.986175	-36.997484	0.257104
296	-36.512529	-36.927137	-36.938945	0.255784
297	-36.512529	-36.885379	-36.893731	0.254865
298	-36.490666	-36.824790	-36.836908	0.253939
299	-36.484150	-36.786418	-36.794092	0.253091
300	-36.436695	-36.736443	-36.746438	0.252113
301	-36.436695	-36.694496	-36.702885	0.251683
302	-36.224612	-36.618749	-36.633898	0.250046
303	-36.214796	-36.572013	-36.581360	0.249126
304	-36.160159	-36.501272	-36.515421	0.247606
305	-36.087660	-36.458685	-36.467203	0.246839
306	-36.075086	-36.391628	-36.405039	0.245442
307	-36.075086	-36.335959	-36.347093	0.244136
308	-35.982982	-36.280356	-36.291477	0.243018
309	-35.982982	-36.240190	-36.248223	0.242096
310	-35.792390	-36.203512	-36.210848	0.241193
311	-35.792390	-36.153822	-36.163760	0.240555
312	-35.770906	-36.118958	-36.125931	0.239838
313	-35.770906	-36.060606	-36.072277	0.238226
314	-35.770906	-36.018578	-36.026984	0.237580
315	-35.564398	-35.964027	-35.974938	0.236696
316	-35.564398	-35.905791	-35.917439	0.235519
317	-35.552815	-35.840059	-35.853205	0.233967
318	-35.546212	-35.791707	-35.801377	0.232743
319	-35.546212	-35.770484	-35.774728	0.232500
320	-35.403689	-35.711263	-35.723107	0.231690
321	-35.403689	-35.665404	-35.674576	0.230590
322	-35.323988	-35.629995	-35.637077	0.230134
323	-35.323988	-35.587893	-35.596313	0.229758
324	-35.251231	-35.542202	-35.551340	0.228710
325	-35.206214	-35.493812	-35.503490	0.227929
326	-35.206214	-35.464319	-35.470218	0.227533
327	-35.206214	-35.430755	-35.437467	0.227166
328	-35.116652	-35.385768	-35.394765	0.226738
329	-35.036821	-35.323849	-35.336233	0.225973
330	-34.995950	-35.259550	-35.272410	0.225834
331	-34.939383	-35.196390	-35.209022	0.224838
332	-34.939383	-35.170225	-35.175458	0.224282
333	-34.915641	-35.132988	-35.140435	0.223814
334	-34.889369	-35.096620	-35.103894	0.223350
335	-34.808035	-35.042882	-35.053630	0.222501
336	-34.808035	-35.001790	-35.010008	0.222255
337	-34.761414	-34.955471	-34.964735	0.221366
338	-34.696927	-34.918860	-34.926182	0.220851
339	-34.696927	-34.883528	-34.890594	0.219886
340	-34.669368	-34.837823	-34.846964	0.219214
341	-34.610673	-34.794520	-34.803181	0.218406
342	-34.462766	-34.746691	-34.756257	0.217456
343	-34.462766	-34.706784	-34.714765	0.216793
344	-34.387833	-34.670574	-34.677816	0.216294
345	-34.343365	-34.620528	-34.630537	0.215159
346	-34.343365	-34.558570	-34.570962	0.214270
347	-34.273407	-34.502931	-34.514059	0.212947
348	-34.273407	-34.470001	-34.476587	0.212123
349	-34.134401	-34.439297	-34.445438	0.211038
350	-34.041254	-34.384036	-34.395088	0.209773
351	-34.041254	-34.333966	-34.343980	0.209174
352	-34.041254	-34.296114	-34.303684	0.208229
353	-34.006472	-34.268872	-34.274320	0.207245
354	-33.912126	-34.206960	-34.219343	0.205957
355	-33.912126	-34.166733	-34.174778	0.205150
356	-33.780705	-34.106122	-34.118244	0.203844
357	-33.780705	-34.062010	-34.070832	0.202489
358	-33.597073	-34.008923	-34.019540	0.201510
359	-33.597073	-33.963838	-33.972855	0.199811
360	-33.597073	-33.910394	-33.921083	0.198417
361	-33.597073	-33.862952	-33.872440	0.197024
362	-33.597073	-33.833802	-33.839632	0.196157
363	-33.576714	-33.786877	-33.796262	0.195150
364	-33.571428	-33.739617	-33.749069	0.194060
365	-33.563498	-33.703229	-33.710506	0.193613
366	-33.488463	-33.670994	-33.677441	0.192955
367	-33.488463	-33.643785	-33.649227	0.192252
368	-33.349754	-33.612098	-33.618436	0.191395
369	-33.349754	-33.583383	-33.589126	0.190900
370	-33.349754	-33.558460	-33.563445	0.190272
371	-33.297314	-33.524973	-33.531670	0.189822
372	-33.297314	-33.493288	-33.499625	0.189131
373	-33.207604	-33.442220	-33.452434	0.187905
374	-33.207604	-33.418080	-33.422908	0.187350
375	-33.207604	-33.391289	-33.396647	0.186891
376	-33.175462	-33.360479	-33.366641	0.186171
377	-33.095074	-33.319774	-33.327915	0.185052
378	-33.094734	-33.275004	-33.283958	0.183999
379	-33.094734	-33.242058	-33.248647	0.183417
380	-33.037999	-33.208873	-33.215510	0.182251
381	-33.011694	-33.188352	-33.192456	0.181868
382	-32.929300	-33.142272	-33.151488	0.180222
383	-32.927044	-33.113261	-33.119063	0.179413
384	-32.927044	-33.089871	-33.094549	0.178525
385	-32.899059	-33.067179	-33.071717	0.177926
386	-32.897434	-33.050081	-33.053500	0.177430
387	-32.773713	-33.011462	-33.019185	0.176643
388	-32.753982	-32.972767	-32.980506	0.175853
389	-32.702009	-32.926774	-32.935973	0.174715
390	-32.702009	-32.904557	-32.909000	0.173946
391	-32.695515	-32.878658	-32.883837	0.173279
392	-32.658775	-32.856225	-32.860711	0.172653
393	-32.658775	-32.834505	-32.838849	0.171818
394	-32.655876	-32.802970	-32.809277	0.171217
395	-32.655876	-32.780172	-32.784732	0.170749
396	-32.588430	-32.746107	-32.752920	0.169714
397	-32.538932	-32.706228	-32.714204	0.168628
398	-32.445763	-32.666724	-32.674625	0.167384
399	-32.445763	-32.638247	-32.643942	0.166967
400	-32.445763	-32.620659	-32.624177	0.166265
401	-32.426873	-32.589726	-32.595912	0.165752
402	-32.359532	-32.554968	-32.561919	0.164686
403	-32.358760	-32.523764	-32.530004	0.163672
404	-32.304141	-32.485345	-32.493029	0.162770
405	-32.304141	-32.453131	-32.459574	0.161933
406	-32.271328	-32.431674	-32.435965	0.161141
407	-32.181159	-32.393863	-32.401425	0.160088
408	-32.158444	-32.372866	-32.377065	0.159402
409	-32.123458	-32.333287	-32.341203	0.158009
410	-32.078933	-32.302112	-32.308347	0.156924
411	-32.078933	-32.271094	-32.277297	0.155999
412	-32.021337	-32.231359	-32.239306	0.154751
413	-32.011712	-32.203424	-32.209011	0.154026
414	-31.940497	-32.180454	-32.185048	0.153313
415	-31.940497	-32.152111	-32.157779	0.152304
416	-31.875655	-32.115483	-32.122808	0.151461
417	-31.843870	-32.086303	-32.092139	0.150617
418	-31.785671	-32.042110	-32.050949	0.149374
419	-31.785671	-32.017697	-32.022579	0.148533
420	-31.785671	-31.984106	-31.990824	0.147424
421	-31.769585	-31.964739	-31.968613	0.146694
422	-31.769265	-31.943298	-31.947587	0.146323
423	-31.691130	-31.904190	-31.912011	0.144750
424	-31.691130	-31.886501	-31.890039	0.144218
425	-31.671668	-31.846388	-31.854410	0.143012
426	-31.607241	-31.802270	-31.811093	0.141241
427	-31.607241	-31.781425	-31.785594	0.140508
428	-31.574239	-31.742398	-31.750204	0.139179
429	-31.531528	-31.719273	-31.723898	0.138446
430	-31.517762	-31.688327	-31.694517	0.137220
431	-31.517762	-31.653886	-31.660774	0.135666
432	-31.488859	-31.620808	-31.627424	0.134349
433	-31.480217	-31.603204	-31.606725	0.133838
434	-31.423624	-31.567886	-31.574949	0.132314
435	-31.407774	-31.549885	-31.553485	0.131890
436	-31.354882	-31.513151	-31.520498	0.130360
437	-31.354882	-31.497589	-31.500701	0.129896
438	-31.274415	-31.461733	-31.468905	0.128495
439	-31.274415	-31.431200	-31.437307	0.127875
440	-31.229489	-31.396933	-31.403786	0.126737
441	-31.207428	-31.372219	-31.377162	0.125642
442	-31.185400	-31.345226	-31.350624	0.124602
443	-31.125075	-31.317200	-31.322806	0.123717
444	-31.125075	-31.291968	-31.297014	0.122754
445	-31.078818	-31.259952	-31.266355	0.121551
446	-31.043192	-31.217789	-31.226222	0.120271
447	-30.907474	-31.170113	-31.179648	0.118965
448	-30.907474	-31.141962	-31.147592	0.118128
449	-30.907474	-31.111266	-31.117405	0.117327
450	-30.907474	-31.085224	-31.090433	0.116699
451	-30.907474	-31.056581	-31.062310	0.115748
452	-30.860521	-31.029264	-31.034728	0.115048
453	-30.814254	-31.008088	-31.012323	0.114310
454	-30.814254	-30.988631	-30.992522	0.113393
455	-30.814254	-30.970615	-30.974218	0.112749
456	-30.771796	-30.940490	-30.946515	0.111362
457	-30.714646	-30.919975	-30.924078	0.110600
458	-30.714646	-30.899748	-30.903794	0.109816
459	-30.714646	-30.880482	-30.884335	0.109182
460	-30.701542	-30.864047	-30.867334	0.108300
461	-30.683355	-30.832717	-30.838983	0.107185
462	-30.633011	-30.797579	-30.804606	0.105954
463	-30.599046	-30.782131	-30.785220	0.105489
464	-30.556382	-30.763094	-30.766901	0.104812
465	-30.556382	-30.729442	-30.736172	0.103770
466	-30.526066	-30.705453	-30.710250	0.102716
467	-30.520139	-30.673805	-30.680135	0.101879
468	-30.520139	-30.661832	-30.664227	0.101424
469	-30.470828	-30.632918	-30.638701	0.100382
470	-30.416783	-30.610577	-30.615045	0.099477
471	-30.416783	-30.580482	-30.586501	0.098442
472	-30.395227	-30.544165	-30.551429	0.097212
473	-30.344565	-30.520394	-30.525148	0.096569
474	-30.344565	-30.507483	-30.510065	0.096224
475	-30.343908	-30.484818	-30.489351	0.095298
476	-30.343908	-30.473621	-30.475861	0.095267
477	-30.343393	-30.451361	-30.455813	0.094554
478	-30.276099	-30.425475	-30.430652	0.094002
479	-30.269369	-30.395238	-30.401285	0.093502
480	-30.269369	-30.379685	-30.382795	0.093278
481	-30.177722	-30.349788	-30.355767	0.092604
482	-30.177722	-30.338116	-30.340450	0.092387
483	-30.177722	-30.307653	-30.313746	0.091814
484	-30.177722	-30.284593	-30.289205	0.091298
485	-30.177722	-30.271817	-30.274372	0.090792
486	-30.127108	-30.243663	-30.249294	0.090099
487	-30.096098	-30.224993	-30.228727	0.089551
488	-30.073980	-30.198155	-30.203523	0.088848
489	-30.056796	-30.178167	-30.182164	0.088288
490	-30.041727	-30.163455	-30.166398	0.087905
491	-30.010151	-30.146407	-30.149817	0.087617
492	-29.990166	-30.132511	-30.135291	0.087167
493	-29.988924	-30.104736	-30.110291	0.086425
494	-29.984876	-30.081106	-30.085832	0.085708
495	-29.924663	-30.056178	-30.061164	0.084959
496	-29.878948	-30.030106	-30.035321	0.084188
497	-29.878948	-30.008451	-30.012782	0.083672
498	-29.878948	-29.998241	-30.000283	0.083206
499	-29.878948	-29.979127	-29.982950	0.082390
500	-29.878948	-29.966477	-29.969007	0.081799
501	-29.878948	-29.951337	-29.954365	0.081110
502	-29.835239	-29.943076	-29.944728	0.080602
