# GA for labeling mashup boyfriend-girlfriend
# size = 300
# max generations = 100
# crossover rate = 0.900000
# mutation rate = 0.100000
# optimum = 0.010000
# -----------------------------------------
# GENERATION   BEST'S FITNESS   AVG FITNESS
1	-67.227441	-68.782596
2	-66.997716	-68.525179
3	-66.592021	-68.194285
4	-66.551650	-67.818818
5	-65.951368	-67.479491
6	-65.951368	-67.273019
7	-65.743623	-66.997457
8	-65.743623	-66.826724
9	-65.600275	-66.673851
10	-65.352207	-66.488672
11	-65.352207	-66.238435
12	-64.968640	-66.058338
13	-64.496903	-65.817293
14	-64.496903	-65.639809
15	-64.062447	-65.376186
16	-64.062447	-65.080146
17	-63.183051	-64.734190
18	-63.183051	-64.499021
19	-63.036258	-64.309966
20	-62.965822	-64.128902
21	-62.719177	-63.942890
22	-62.719177	-63.781131
23	-62.325377	-63.514987
24	-62.325377	-63.369958
25	-61.316711	-63.050042
26	-61.316711	-62.791061
27	-61.316711	-62.677194
28	-61.316711	-62.483053
29	-61.316711	-62.274238
30	-61.022463	-62.075389
31	-60.898833	-61.823440
32	-60.448708	-61.693031
33	-60.448708	-61.527385
34	-60.172264	-61.337386
35	-59.401281	-61.142893
36	-59.401281	-60.960030
37	-59.401281	-60.787475
38	-59.401281	-60.607324
39	-59.238890	-60.390209
40	-58.729300	-60.212248
41	-58.729300	-60.091151
42	-58.729300	-59.932228
43	-58.729300	-59.747969
44	-58.444482	-59.616193
45	-58.444482	-59.469360
46	-58.444482	-59.372144
47	-58.430677	-59.247782
48	-58.430677	-59.152864
49	-57.983261	-59.012883
50	-57.946134	-58.793465
51	-57.946134	-58.681723
52	-57.667611	-58.488937
53	-57.224347	-58.252708
54	-56.776296	-58.100710
55	-56.776296	-57.893650
56	-56.776296	-57.697445
57	-56.671921	-57.489823
58	-56.565313	-57.309736
59	-56.480772	-57.218122
60	-56.038117	-57.059165
61	-55.619442	-56.959662
62	-55.619442	-56.835223
63	-55.619442	-56.720474
64	-55.619442	-56.545697
65	-55.619442	-56.406821
66	-55.411910	-56.171506
67	-55.094001	-55.973418
68	-54.837478	-55.772566
69	-54.837478	-55.649676
70	-54.837478	-55.475355
71	-54.710698	-55.337705
72	-54.595265	-55.221106
73	-54.234404	-55.052392
74	-54.234404	-54.922248
75	-53.706285	-54.744088
76	-53.706285	-54.648804
77	-53.706285	-54.514774
78	-53.706285	-54.418064
79	-53.706285	-54.335187
80	-53.706285	-54.265044
81	-53.296004	-54.097477
82	-53.225331	-53.924735
83	-53.145310	-53.758587
84	-53.145310	-53.683176
85	-52.694119	-53.532589
86	-52.694119	-53.399390
87	-52.694119	-53.289673
88	-52.679709	-53.203022
89	-52.615871	-53.100520
90	-52.459993	-53.030014
91	-52.228651	-52.868831
92	-52.228651	-52.800192
93	-52.228651	-52.731714
94	-52.228651	-52.660400
95	-51.887131	-52.552258
96	-51.766000	-52.400044
97	-51.766000	-52.346321
98	-51.722370	-52.240311
99	-51.702698	-52.147662
100	-51.649736	-52.056585
101	-51.478446	-51.951059
102	-51.409958	-51.883496
103	-51.301993	-51.797425
104	-51.267158	-51.722117
105	-51.069896	-51.612072
106	-51.069896	-51.540421
107	-50.985911	-51.468472
108	-50.918047	-51.390095
109	-50.736287	-51.257884
110	-50.649971	-51.180154
111	-50.562799	-51.069861
112	-50.478864	-50.994628
113	-50.478864	-50.918896
114	-50.404765	-50.811299
115	-50.342124	-50.703121
116	-50.214248	-50.624883
117	-50.122338	-50.553286
118	-49.943639	-50.464317
119	-49.936089	-50.402267
120	-49.699465	-50.321970
121	-49.699465	-50.219214
122	-49.699465	-50.135224
123	-49.569782	-50.037587
124	-49.569782	-49.984867
125	-49.342875	-49.871984
126	-49.317394	-49.747820
127	-49.167482	-49.628751
128	-49.049978	-49.559813
129	-48.656768	-49.432800
130	-48.656768	-49.320453
131	-48.656768	-49.271070
132	-48.656768	-49.215359
133	-48.646210	-49.136050
134	-48.145744	-49.025236
135	-48.145744	-48.944263
136	-48.145744	-48.867440
137	-48.145744	-48.740219
138	-47.950517	-48.614460
139	-47.950517	-48.530147
140	-47.950517	-48.432261
141	-47.934189	-48.344709
142	-47.814125	-48.240724
143	-47.749379	-48.177670
144	-47.658707	-48.121906
145	-47.612548	-48.026361
146	-47.347599	-47.929165
147	-47.347599	-47.866265
148	-47.334105	-47.773357
149	-47.164968	-47.706878
150	-47.164968	-47.655295
151	-47.164968	-47.591972
152	-47.087657	-47.531490
153	-46.968162	-47.468418
154	-46.968162	-47.399186
155	-46.750001	-47.301767
156	-46.750001	-47.243302
157	-46.750001	-47.175287
158	-46.469620	-47.124305
159	-46.469620	-47.049344
160	-46.383309	-46.940787
161	-46.383309	-46.851612
162	-46.299775	-46.775479
163	-46.270877	-46.693524
164	-46.225806	-46.597291
165	-46.056003	-46.476452
166	-46.051428	-46.389755
167	-45.967792	-46.336929
168	-45.853284	-46.258884
169	-45.805102	-46.168703
170	-45.743945	-46.121719
171	-45.514525	-46.050132
172	-45.409176	-45.980776
173	-45.409176	-45.890686
174	-45.409176	-45.812945
175	-45.409176	-45.751490
176	-45.221774	-45.664656
177	-45.168784	-45.590933
178	-45.168784	-45.520580
179	-44.886185	-45.464053
180	-44.886185	-45.372925
181	-44.886185	-45.328018
182	-44.886185	-45.282330
183	-44.886185	-45.221392
184	-44.624546	-45.139304
185	-44.624546	-45.088716
186	-44.549597	-44.998225
187	-44.549597	-44.933593
188	-44.511804	-44.863509
189	-44.504471	-44.790588
190	-44.315099	-44.705254
191	-44.141990	-44.621601
192	-44.141990	-44.571985
193	-43.917970	-44.486424
194	-43.917970	-44.434918
195	-43.917970	-44.357266
196	-43.917970	-44.314319
197	-43.917970	-44.267024
198	-43.899320	-44.203763
199	-43.834660	-44.144552
200	-43.716158	-44.080793
201	-43.716158	-44.030033
202	-43.716158	-43.980002
203	-43.506263	-43.906842
204	-43.506263	-43.839206
205	-43.358471	-43.779680
206	-43.232407	-43.737128
207	-43.232407	-43.695692
208	-43.232407	-43.651038
209	-43.219955	-43.577195
210	-43.164934	-43.533412
211	-43.122498	-43.480618
212	-43.122498	-43.444110
213	-43.122498	-43.401120
214	-43.096042	-43.361382
215	-42.747907	-43.306472
216	-42.747907	-43.241732
217	-42.747907	-43.195704
218	-42.747907	-43.142361
219	-42.671295	-43.073271
220	-42.671295	-43.035648
221	-42.671295	-43.000490
222	-42.671295	-42.952591
223	-42.573400	-42.881198
224	-42.556970	-42.821817
225	-42.556970	-42.787942
226	-42.322975	-42.752744
227	-42.322975	-42.714263
228	-42.322975	-42.666065
229	-42.322975	-42.625859
230	-42.322975	-42.599548
231	-42.317648	-42.549529
232	-42.186611	-42.500950
233	-42.186611	-42.463425
234	-42.160640	-42.425266
235	-42.137647	-42.381558
236	-42.077755	-42.325124
237	-41.972649	-42.293278
238	-41.972649	-42.261830
239	-41.972649	-42.216479
240	-41.897172	-42.187340
241	-41.897172	-42.148129
242	-41.864082	-42.091983
243	-41.864082	-42.051270
244	-41.807217	-42.012815
245	-41.763689	-41.969148
246	-41.678852	-41.934213
247	-41.600957	-41.878600
248	-41.530682	-41.843739
249	-41.530682	-41.805818
250	-41.530682	-41.762248
251	-41.488666	-41.722297
252	-41.425689	-41.684266
253	-41.344297	-41.652680
254	-41.331853	-41.614970
255	-41.206662	-41.559920
256	-41.206662	-41.521130
257	-41.195959	-41.464071
258	-41.195959	-41.422634
259	-41.027394	-41.383344
260	-41.027394	-41.336585
261	-40.999747	-41.288420
262	-40.999747	-41.260311
263	-40.951859	-41.210572
264	-40.951859	-41.157912
265	-40.790772	-41.097376
266	-40.790772	-41.074561
267	-40.790772	-41.031751
268	-40.712256	-40.973363
269	-40.645547	-40.927287
270	-40.581334	-40.881092
271	-40.581334	-40.836923
272	-40.447443	-40.789267
273	-40.425596	-40.736191
274	-40.362429	-40.665678
275	-40.327156	-40.602472
276	-40.267204	-40.547699
277	-40.225209	-40.496680
278	-40.156879	-40.465284
279	-40.156879	-40.420946
280	-40.139990	-40.391513
281	-40.124860	-40.364586
282	-40.092693	-40.326119
283	-40.059892	-40.289469
284	-39.892883	-40.254163
285	-39.892883	-40.221076
286	-39.892883	-40.177469
287	-39.848198	-40.146329
288	-39.848198	-40.126376
289	-39.848198	-40.097474
290	-39.821620	-40.066569
291	-39.821620	-40.040423
292	-39.799239	-39.990483
293	-39.799239	-39.967706
294	-39.725002	-39.934976
295	-39.637494	-39.888079
296	-39.591597	-39.847593
297	-39.536982	-39.786214
298	-39.529975	-39.744279
299	-39.456998	-39.710564
300	-39.445588	-39.669869
301	-39.400067	-39.636803
302	-39.390876	-39.603198
303	-39.244412	-39.576570
304	-39.244412	-39.535458
305	-39.244412	-39.493999
306	-39.244412	-39.467816
307	-39.122275	-39.420912
308	-39.122275	-39.400484
309	-39.122275	-39.356786
310	-39.122275	-39.330275
311	-39.122275	-39.292002
312	-39.078532	-39.260525
313	-39.041574	-39.227339
314	-38.955790	-39.182741
315	-38.955790	-39.158893
316	-38.942001	-39.122984
317	-38.904753	-39.080523
318	-38.831731	-39.035996
319	-38.807867	-38.995913
320	-38.797214	-38.966376
321	-38.673054	-38.928145
322	-38.673054	-38.896682
323	-38.673054	-38.874597
324	-38.673054	-38.838989
325	-38.670547	-38.812068
326	-38.634413	-38.780743
327	-38.622646	-38.752339
328	-38.563897	-38.718731
329	-38.428662	-38.690851
330	-38.428662	-38.662205
331	-38.422569	-38.632740
332	-38.153696	-38.585073
333	-38.153696	-38.558146
334	-38.153696	-38.520236
335	-38.075193	-38.457711
336	-38.075193	-38.413096
337	-38.075193	-38.384142
338	-38.075193	-38.360860
339	-38.075193	-38.323780
340	-38.075193	-38.285631
341	-38.059520	-38.242736
342	-37.967731	-38.219252
343	-37.959531	-38.170017
344	-37.957227	-38.135709
345	-37.867094	-38.095362
346	-37.867094	-38.054146
347	-37.867094	-38.025190
348	-37.855621	-37.993834
349	-37.785217	-37.960757
350	-37.737061	-37.926342
351	-37.737061	-37.906005
352	-37.737061	-37.882466
353	-37.705182	-37.859064
354	-37.634356	-37.821794
355	-37.546769	-37.789795
356	-37.546769	-37.753790
357	-37.521178	-37.726649
358	-37.451231	-37.687211
359	-37.451231	-37.653069
360	-37.451231	-37.620875
361	-37.442008	-37.596228
362	-37.408856	-37.572957
363	-37.347939	-37.541498
364	-37.347939	-37.503874
365	-37.281769	-37.486236
366	-37.257695	-37.447418
367	-37.229842	-37.423411
368	-37.167877	-37.399071
369	-37.167877	-37.366827
370	-37.167877	-37.346530
371	-37.074884	-37.314714
372	-37.074884	-37.278182
373	-37.074884	-37.267202
374	-37.074884	-37.232396
375	-37.011888	-37.213949
376	-37.011888	-37.192998
377	-36.990296	-37.153630
378	-36.972795	-37.119008
379	-36.935478	-37.078726
380	-36.845646	-37.038153
381	-36.845646	-37.009377
382	-36.845646	-36.992302
383	-36.806240	-36.973304
384	-36.729228	-36.926153
385	-36.729228	-36.886997
386	-36.703666	-36.862674
387	-36.703666	-36.839116
388	-36.684098	-36.818905
389	-36.684098	-36.792905
390	-36.626276	-36.768908
391	-36.526541	-36.735651
392	-36.526541	-36.712992
393	-36.490716	-36.680009
394	-36.460180	-36.646123
395	-36.460180	-36.623965
396	-36.460180	-36.603158
397	-36.444079	-36.581350
398	-36.401144	-36.558509
399	-36.391073	-36.535736
400	-36.391073	-36.514997
401	-36.314932	-36.481316
402	-36.314932	-36.445921
403	-36.263833	-36.417837
404	-36.257292	-36.394656
405	-36.225866	-36.365983
406	-36.182116	-36.334993
407	-36.173726	-36.307011
408	-36.173726	-36.296769
409	-36.080651	-36.277602
410	-36.080651	-36.245064
411	-36.070605	-36.215103
412	-36.029885	-36.189975
413	-36.015748	-36.169138
414	-36.015748	-36.145696
415	-35.974193	-36.121512
416	-35.889706	-36.085942
417	-35.889706	-36.044264
418	-35.789438	-36.003331
419	-35.789438	-35.974099
420	-35.789438	-35.959709
421	-35.788088	-35.929588
422	-35.737771	-35.901428
423	-35.737771	-35.885016
424	-35.737771	-35.869247
425	-35.737771	-35.845923
426	-35.701589	-35.829780
427	-35.642344	-35.808062
428	-35.628845	-35.791921
429	-35.569186	-35.759225
430	-35.569186	-35.739411
431	-35.500051	-35.715001
432	-35.500051	-35.701663
433	-35.500051	-35.675619
434	-35.500051	-35.659982
435	-35.500051	-35.642126
436	-35.500051	-35.619600
437	-35.500051	-35.601845
438	-35.402919	-35.584948
439	-35.402919	-35.561448
440	-35.359602	-35.532325
441	-35.359602	-35.499250
442	-35.325904	-35.470423
443	-35.289284	-35.452339
444	-35.289284	-35.432350
445	-35.289284	-35.416842
446	-35.202582	-35.390080
447	-35.202582	-35.368571
448	-35.202582	-35.353316
449	-35.202582	-35.334565
450	-35.162654	-35.304671
451	-35.162654	-35.287648
452	-35.162654	-35.275534
453	-35.092944	-35.251148
454	-35.061742	-35.222544
455	-35.061742	-35.201064
456	-35.044883	-35.175594
457	-35.044883	-35.157421
458	-35.044883	-35.144776
459	-35.002650	-35.121404
460	-34.942120	-35.092947
461	-34.942120	-35.074687
462	-34.942120	-35.064268
463	-34.936785	-35.045123
464	-34.898294	-35.030768
465	-34.874634	-35.007669
466	-34.838178	-34.991505
467	-34.838178	-34.974705
468	-34.838178	-34.952724
469	-34.807188	-34.927019
470	-34.807188	-34.916356
471	-34.759459	-34.899250
472	-34.759459	-34.882729
473	-34.723771	-34.865864
474	-34.723771	-34.845766
475	-34.723771	-34.823703
476	-34.716887	-34.812083
477	-34.705495	-34.800674
478	-34.701288	-34.783486
479	-34.701288	-34.771770
480	-34.693830	-34.759619
481	-34.632043	-34.746195
482	-34.604346	-34.724386
483	-34.604346	-34.712016
484	-34.593521	-34.690443
485	-34.538277	-34.667881
486	-34.538277	-34.657091
487	-34.538277	-34.640659
488	-34.514052	-34.619189
489	-34.513896	-34.603333
490	-34.512069	-34.589091
491	-34.487396	-34.578936
492	-34.437341	-34.561918
493	-34.437341	-34.551627
494	-34.437341	-34.542648
