Tester:     weka.experiment.PairedCorrectedTTester
Analysing:  Percent_correct
Datasets:   2
Resultsets: 106
Confidence: 0.05 (two tailed)
Sorted by:  -
Date:       4/8/13 1:30 PM


Dataset                   (1) 92.19512 | (2) (3) (4) (5) (6) (7) (8) (9) (10 (11 (12 (13 (14 (15 (16 (17 (18 (19 (20 (21 (22 (23 (24 (25 (26 (27 (28 (29 (30 (31 (32 (33 (34 (35 (36 (37 (38 (39 (40 (41 (42 (43 (44 (45 (46 (47 (48 (49 (50 (51 (52 (53 (54 (55 (56 (57 (58 (59 (60 (61 (62 (63 (64 (65 (66 (67 (68 (69 (70 (71 (72 (73 (74 (75 (76 (77 (78 (79 (80 (81 (82 (83 (84 (85 (86 (87 (88 (89 (90 (91 (92 (93 (94 (95 (96 (97 (98 (99 (10 (10 (10 (10 (10 (10 (10
----------------------------------------------------------------------------------------------------------------------------------------------------------------------------------------------------------------------------------------------------------------------------------------------------------------------------------------------------------------------------------------------------------------------------------------------------------------------------
3686                       (9)   92.20 |                                                                                                                                                                                                                                                                                                                                                                                                                                    
3687                       (0)         |                                                                                                                                                                                                                                                                                                                                                                                                                                    
----------------------------------------------------------------------------------------------------------------------------------------------------------------------------------------------------------------------------------------------------------------------------------------------------------------------------------------------------------------------------------------------------------------------------------------------------------------------------
                               (v/ /* (0/ (0/ (0/ (0/ (0/ (0/ (0/ (0/ (0/ (0/ (0/ (0/ (0/ (0/ (0/ (0/ (0/ (0/ (0/ (0/ (0/ (0/ (0/ (0/ (0/ (0/ (0/ (0/ (0/ (0/ (0/ (0/ (0/ (0/ (0/ (0/ (0/ (0/ (0/ (0/ (0/ (0/ (0/ (0/ (0/ (0/ (0/ (0/ (0/ (0/ (0/ (0/ (0/ (0/ (0/ (0/ (0/ (0/ (0/ (0/ (0/ (0/ (0/ (0/ (0/ (0/ (0/ (0/ (0/ (0/ (0/ (0/ (0/ (0/ (0/ (0/ (0/ (0/ (0/ (0/ (0/ (0/ (0/ (0/ (0/ (0/ (0/ (0/ (0/ (0/ (0/ (0/ (0/ (0/ (0/ (0/ (0/ (0/ (0/ (0/ (0/ (0/ (0/ (0/ (0/0/0


Key:
(1) 92.195122
(2) 95.609756
(3) 94.390244
(4) 94.146341
(5) 91.95122
(6) 89.756098
(7) 91.93154
(8) 92.176039
(9) 98.04401
(10) 90.953545
(11) 92.439024
(12) 96.829268
(13) 88.536585
(14) 98.536585
(15) 92.926829
(16) 94.621027
(17) 87.286064
(18) 82.396088
(19) 94.634146
(20) 93.902439
(21) 90
(22) 84.146341
(23) 98.292683
(24) 91.687042
(25) 92.909535
(26) 94.132029
(27) 88.292683
(28) 85.853659
(29) 97.560976
(30) 89.268293
(31) 88.997555
(32) 87.775061
(33) 89.731051
(34) 93.887531
(35) 96.585366
(36) 86.097561
(37) 93.414634
(38) 88.04878
(39) 95.365854
(40) 98.533007
(41) 93.154034
(42) 93.643032
(43) 91.707317
(44) 87.073171
(45) 92.420538
(46) 96.341463
(47) 91.463415
(48) 98.04878
(49) 92.682927
(50) 95.110024
(51) 96.08802
(52) 89.512195
(53) 87.317073
(54) 87.560976
(55) 97.310513
(56) 90.220049
(57) 84.634146
(58) 94.878049
(59) 82.439024
(60) 89.02439
(61) 96.821516
(62) 86.552567
(63) 93.658537
(64) 90.731707
(65) 90.464548
(66) 85.819071
(67) 94.376528
(68) 95.354523
(69) 93.170732
(70) 95.853659
(71) 90.97561
(72) 97.073171
(73) 86.829268
(74) 95.599022
(75) 87.804878
(76) 91.219512
(77) 94.865526
(78) 89.486553
(79) 95.121951
(80) 85.609756
(81) 88.508557
(82) 90.709046
(83) 96.097561
(84) 91.442543
(85) 90.487805
(86) 79.706601
(87) 98.288509
(88) 83.414634
(89) 81.219512
(90) 92.665037
(91) 88.753056
(92) 97.066015
(93) 97.317073
(94) 91.198044
(95) 89.242054
(96) 96.577017
(97) 86.341463
(98) 97.799511
(99) 93.398533
(100) 95.843521
(101) 96.332518
(102) 85.121951
(103) 97.804878
(104) 90.243902
(105) 88.780488
(106) 97.555012

