1 someone-like-you 0 14 -0.0340916874784 0.132884522667 0.0176582963645 0.303507011623 -0.501260553263 0.2083903925 0.0502246850591 0.00252251898929 2.12709457763 6.46401513307
2 the-one-that-got-away 3 29 0.0061028384593 0.248505612093 0.0617550392418 -0.381813988673 0.229684705786 0.375875000291 0.121201531781 0.014689811306 -0.0227670295142 -0.33115144766
3 someone-like-you 73 139 0.00877011221688 0.306502300935 0.0939436604783 -0.0507284197298 -0.91027894896 0.243096271133 0.082973154664 0.00688454439489 1.09256906119 1.71169550076
4 the-one-that-got-away 86 129 0.0046039598736 0.285356218631 0.0814281715115 0.687715899151 1.25191471727 0.431412308359 0.127285132114 0.0162015048573 0.497755509445 0.466931281833
5 someone-like-you 232 282 0.0858579907633 0.284410396889 0.0808892738584 -0.263850038182 -0.651460216172 0.263033544467 0.0772161408052 0.00596233240084 0.644576372658 -0.232456355963
6 let-it-be 0 13 -0.0314196017053 0.245668376681 0.0603529513011 0.517068091901 -1.5 0.205998854505 0.0713598805727 0.00509223255535 0.707088402755 -1.5
7 dont-look-back-in-anger 11 22 0.0839961491319 0.277322389858 0.0769077079163 0.209370162654 -0.729563015393 0.472801699306 0.117333291604 0.0137671013187 0.364620653402 -0.804594663424
8 let-it-be 11 26 0.0233519296296 0.191366554675 0.036621158248 0.690385671337 0.384091191839 0.291129589815 0.10294956453 0.010598612837 0.607787884882 -0.687176411836
9 dont-look-back-in-anger 24 34 0.0981157902778 0.198463425276 0.0393877311724 1.34339839829 1.95355026989 0.46553225463 0.106431572918 0.0113276797138 -0.129414408024 -0.635399319811
10 let-it-be 24 38 0.0153480347667 0.261342382005 0.0682998406322 0.648466669222 -0.275865175422 0.274614092333 0.0963663639098 0.0092864760932 1.30796661281 2.09904281453
11 dont-look-back-in-anger 82 93 0.0910875501736 0.304010118601 0.0924221522119 -0.122775630938 -0.423235599054 0.435341630903 0.148647987522 0.0220962241942 0.161674100702 -1.06273964149
12 dont-look-back-in-anger 103 124 -0.0129070091341 0.23365488359 0.0545946046253 0.7377851464 0.63816028765 0.451161513237 0.0932840457601 0.00870191319337 -0.352823194255 -0.280611776559
13 let-it-be 161 188 0.0184290621143 0.272236556627 0.074112742764 0.454039979627 0.408061841041 0.308769237537 0.111450564386 0.012421228302 0.978480833064 0.66540154964
14 dont-look-back-in-anger 161 183 0.0204347697599 0.242287854828 0.058703404597 0.642749383456 0.383258111798 0.442557246893 0.122306275443 0.0149588250126 0.349929167998 -0.442507380265
15 let-it-be 188 202 0.0517876775 0.222605113168 0.0495530364088 0.475855488536 -0.381771084049 0.297768016304 0.0963010573288 0.00927389364264 0.685440506343 -0.559458040993
16 dont-look-back-in-anger 260 271 0.0590585704 0.265784541521 0.0706414225115 0.30192507137 -0.842929362787 0.36060248125 0.0695770791962 0.00484096994948 -0.0845543183454 0.973518224981
17 feel-good-inc 0 21 0.0301663915848 0.282516043325 0.0798153147361 0.284586260289 -0.730485027594 0.439193661014 0.132779311305 0.0176303455105 -0.0754680070586 -0.69099367787
18 day-n-night 15 57 0.00386815656111 0.294912191455 0.0869732006689 0.00287313148215 0.147686454179 0.282891861157 0.123239801165 0.0151880485911 0.925341739296 0.0029093414144
19 feel-good-inc 64 94 -0.000360053360135 0.268966566463 0.072343013875 -2.12015098232 6.81355363849 0.394194096218 0.106898341773 0.0114272554738 0.804871210195 0.840691010004
20 day-n-night 70 112 0.00486935879034 0.296066941867 0.0876556340665 -0.281760559105 0.048882857989 0.254706648537 0.0977483887339 0.00955474750008 1.21426319929 1.39632065028
21 day-n-night 126 168 0.00709824807988 0.303489833804 0.0921060792227 0.615921832461 0.392304712285 0.263212403088 0.0973899220417 0.00948479691529 1.3813467274 1.5655703765
22 feel-good-inc 139 159 0.00690801573857 0.190289882456 0.0362102393649 1.62100681334 5.58009724612 0.315985945284 0.0958327579279 0.00918391749206 1.09005384099 0.84101436177
23 day-n-night 168 182 -0.00429682145742 0.307914274481 0.094811200429 0.985468078897 0.224299297202 0.254254472527 0.0816000470691 0.00665856768167 1.17796820689 0.07601380974
24 feel-good-inc 145 153 0.0165593092348 0.171315731032 0.029349079699 1.13661348072 1.7887326387 0.338354032414 0.104112657728 0.0108394454993 0.921489574794 0.164262128918
25 feel-good-inc 152 159 0.0178295509993 0.207380938853 0.0430068537995 0.614980558907 0.721973627315 0.341096654534 0.0632618871527 0.00400206636612 0.562953215896 -0.752415980989
26 feel-good-inc 204 219 -0.0382715350362 0.274228033449 0.0752010143291 1.17583094508 3.0964548426 0.396516382253 0.126953429433 0.0161171732449 0.453809367678 -0.362561567661
27 whistle 0 38 -0.0159317851269 0.25847250091 0.0668080337269 0.251665173255 -0.203371320527 0.306324033233 0.132902237942 0.0176630048499 0.959796665561 0.0918338960725
28 boyfriend 9 30 0.0333864799705 0.364001856239 0.132497351345 0.263048869254 -0.162838976897 0.367264029547 0.127753782684 0.01632102899 0.567865980165 -0.0176642218244
29 whistle 56 65 0.00545301106537 0.202300177711 0.040925361902 -0.403661818202 0.840598297054 0.39920149034 0.152518741104 0.0232619663881 0.861377614243 0.111400379197
30 boyfriend 38 43 0.076149447759 0.454631001909 0.206689347897 -0.18052049717 -1.10855239016 0.365833318233 0.0579441143181 0.00335752038411 -0.0885143769718 -1.62588838938
31 whistle 67 74 -0.00456413083399 0.22702075372 0.0515384226198 0.120996646197 -1.01613094019 0.323875005047 0.041172427646 0.00169516879826 0.707239606057 -1.11174699317
32 boyfriend 48 53 0.15548355629 0.460889806959 0.212419414158 0.697209236921 -0.990375854583 0.380625007053 0.131045970842 0.017173046474 -1.01389514322 -0.75403736227
33 boyfriend 53 58 0.0178934905146 0.357995485492 0.128160767633 1.76005374507 1.62211224389 0.429333343392 0.150864657419 0.0227601448582 0.926142581493 -0.61678204121
34 whistle 82 122 -0.00120876011469 0.224239243414 0.0502832382867 0.311386852163 -0.177450479907 0.4364845718 0.134151724325 0.0179966851393 0.0426482474292 -0.664745635125
35 boyfriend 80 92 -0.00949174281338 0.356080350815 0.126793216236 0.47799603876 0.637823252747 0.363568672161 0.128184917033 0.0164313729547 -0.0839783890403 -1.1537259025
36 whistle 132 139 -0.0010548469921 0.49930257128 0.249303057687 -0.410508300783 -0.988150149562 0.31345833838 0.0724257038043 0.00524548257155 0.565303763174 -1.15162927897
37 boyfriend 97 102 0.419661899408 0.497415165106 0.247421846478 1.69143158594e-16 -2.0 0.551154613495 0.121487935384 0.0147593184439 7.25591296298e-16 -2.0
38 whistle 146 167 -0.00746438501272 0.19931106615 0.0397249010897 0.196708488825 -0.511397063291 0.421656963757 0.128158392988 0.0164245736933 -0.00524609754961 -0.717426149184
39 boyfriend 110 149 0.000262046253379 0.295035991532 0.0870462362992 -0.47013696861 -0.0871993243034 0.32823353019 0.131953656982 0.0174117675909 0.356193641606 -0.385162598642
40 whistle 205 223 0.00547779914029 0.152359968795 0.0232135600913 0.344353866019 -0.40922452503 0.452098073983 0.129087296865 0.016663530212 -0.212562933877 -0.881541596204
41 girlfriend 0 21 -0.00359093443847 0.284484677387 0.0809315316682 -0.0857476531861 1.27787248447 0.410764883207 0.153630153461 0.0236022240525 0.347915058871 -0.575015190008
42 girlfriend 62 112 -0.00255282839892 0.330270715662 0.109078745624 0.32235367031 -0.521663923391 0.401617095571 0.152827814794 0.0233563409748 0.220316862961 -0.64192637599
43 boyfriend 48 58 0.0153783693954 0.246664570857 0.0608434105162 2.10733780836 6.28531426478 0.383404224401 0.116713662451 0.0136220790027 0.195976893727 -0.0468229537135
44 boyfriend 10 20 0.0373894192633 0.340661188576 0.116050045402 0.654032593244 -0.017678782574 0.359180243952 0.124233077553 0.0154338575582 0.349846739323 -0.994851517457
45 boyfriend 69 97 -0.0136575348928 0.334956510079 0.112195863644 -0.282270945771 -0.607856634262 0.402538589772 0.128433066011 0.016495052445 -0.087176654902 -0.346808172486
46 girlfriend 172 213 0.0105303703598 0.283869898926 0.0805821195163 -0.0608036864198 -0.783642975618 0.453667958255 0.147324821299 0.0217046029709 0.191962411619 -0.594300262872
47 girlfriend 214 226 0.00595708012891 0.312954583495 0.0979405713308 0.449119022323 1.23488815709 0.338430245717 0.140285242018 0.019679949128 0.616267862487 -0.802866827659
48 boyfriend 126 137 -0.00378924884178 0.295405662395 0.0872645053749 0.320560471482 0.888413113091 0.391048237129 0.145755194527 0.0212445767315 1.03217930437 2.39793673194
49 girlfriend 237 249 -0.0110923023549 0.221764736154 0.0491795982013 0.509039531673 -0.495311916938 0.421589454015 0.134520617878 0.0180957966342 0.0958672928305 -1.13460900292
50 boyfriend 157 171 0.0622210682848 0.274698630119 0.0754593373893 0.616741919506 0.382372878298 0.402941287638 0.13957825183 0.0194820883839 -0.278058246136 -0.669099686425
51 girlfriend 270 285 0.0320563023053 0.280669972202 0.0787756332961 0.0382238808728 -0.136271701626 0.437929791117 0.125813194758 0.0158289599751 0.440335933683 -0.36129358382
52 gangnam-style 3 19 -0.101687156161 0.418127502405 0.174830608267 -0.197566983698 -1.78336763794 0.449438867399 0.139928067641 0.0195798641137 -0.23456108548 -0.406198436206
53 sexy-and-i-know-it 15 30 0.0159795050714 0.253824038563 0.0644266425526 0.435444099994 0.974088456208 0.400517757057 0.116740368554 0.0136283136501 0.524169971535 -0.502030545233
54 gangnam-style 33 47 -0.0110173301683 0.241387325988 0.0582678411476 0.647006987015 2.65582030179 0.381623463498 0.145669512966 0.0212196070076 0.120170600558 -1.37947842425
55 sexy-and-i-know-it 45 58 0.00164270126506 0.18501180793 0.0342293690735 0.107181838118 -0.42304024668 0.444130139393 0.0793421189923 0.00629517184619 0.981255512624 0.786404078275
56 gangnam-style 62 69 0.0903664606313 0.198792776539 0.039518568004 1.43703291936 1.65852992674 0.557022722562 0.0960012971031 0.00921624904548 1.26865356166 1.0286607697
57 gangnam-style 78 100 0.00952216556656 0.190641798642 0.0363442953895 1.26005072674 7.25049664251 0.425870955481 0.155735642161 0.0242535902394 0.393195690828 -0.424301632966
58 sexy-and-i-know-it 74 89 -0.0209110325653 0.213118924 0.0454196757667 -0.0962287898151 0.0708575011357 0.459588849467 0.114518114076 0.0131143984516 -0.0791860114691 -0.0944994306339
59 gangnam-style 119 129 -0.00350554776975 0.183777460689 0.0337741550572 0.21569373434 -0.979652137066 0.415735107202 0.14912307394 0.0222376911813 0.101730025009 -1.38458595729
60 sexy-and-i-know-it 103 116 -0.0340257747131 0.146853744606 0.0215660223049 0.697394268569 2.02202089316 0.500404905855 0.0737292357012 0.00543600019709 -0.00962016585757 -0.645371071563
61 gangnam-style 144 151 0.0799285177555 0.229932502089 0.052868955517 1.85375359975 3.44751933229 0.525826338265 0.0797358964776 0.00635781318709 1.38174342288 1.99832323003
62 gangnam-style 152 158 0.00803795780632 0.118726159057 0.0140959008444 0.493714631614 -0.767645883851 0.431435120957 0.138180819403 0.0190939388507 0.0683899740554 -0.851205438975
63 gangnam-style 161 215 0.00338602812392 0.240384591902 0.0577847520241 -1.43516011474 3.60279720056 0.449673470294 0.157920213525 0.0249387938396 0.226201279855 -0.637344980526
64 sexy-and-i-know-it 133 149 -0.00416623871281 0.167793056822 0.0281545099177 -0.987961263832 2.7513274533 0.472112920674 0.134084772777 0.0179787262907 0.0549725224713 -0.785871938471
